JOBS 100
0 TGAMMA 60
1 DOT 84
2 COPY 84
3 SUM 84
4 TGAMMA 120
5 POW 36
6 TGAMMA 12
7 TGAMMA 120
8 TGAMMA 120
9 POW 24
10 TGAMMA 120
11 SUM 84
12 TGAMMA 120
13 COPY 60
14 TGAMMA 60
15 TGAMMA 120
16 SUM 84
17 SQRTX 48
18 DOT 84
19 COPY 60
20 SUM 132
21 TGAMMA 120
22 POW 36
23 TGAMMA 120
24 POW 24
25 XPY 48
26 SUM 132
27 TGAMMA 120
28 XPY 48
29 POW 24
30 DOT 36
31 SUM 108
32 SQRTX 12
33 POW 12
34 TGAMMA 60
35 ERF 48
36 DOT 84
37 SUM 84
38 XPY 48
39 SUM 84
40 SUM 84
41 DOT 36
42 SUM 84
43 TGAMMA 12
44 SUM 84
45 ERF 12
46 TGAMMA 120
47 TGAMMA 60
48 TGAMMA 120
49 POW 24
50 TGAMMA 12
51 DOT 36
52 ERF 24
53 COPY 60
54 DOT 84
55 ERF 48
56 TGAMMA 12
57 TGAMMA 60
58 ERF 12
59 SUM 108
60 TGAMMA 120
61 DOT 84
62 POW 12
63 COPY 84
64 SUM 84
65 TGAMMA 12
66 POW 24
67 DOT 84
68 SUM 108
69 POW 24
70 SUM 84
71 TGAMMA 120
72 TGAMMA 60
73 SUM 108
74 COPY 84
75 SUM 132
76 TGAMMA 12
77 TGAMMA 120
78 ERF 12
79 TGAMMA 12
80 POW 36
81 POW 24
82 TGAMMA 60
83 SUM 132
84 ERF 12
85 XPY 48
86 POW 12
87 XPY 60
88 COPY 84
89 SUM 132
90 SUM 84
91 POW 24
92 DOT 36
93 COPY 84
94 POW 12
95 SUM 108
96 ERF 24
97 DOT 84
98 POW 36
99 TGAMMA 60
DEPS 97
0 3
1 4
2 5
3 6
4 7
5 8
6 9
7 10
8 11
9 12
10 13
11 14
12 15
13 16
14 17
15 18
16 19
17 20
18 21
19 22
20 23
21 24
22 25
23 26
24 27
25 28
26 29
27 30
28 31
29 32
30 33
31 34
32 35
33 36
34 37
35 38
36 39
37 40
38 41
39 42
40 43
41 44
42 45
43 46
44 47
45 48
46 49
47 50
48 51
49 52
50 53
51 54
52 55
53 56
54 57
55 58
56 59
57 60
58 61
59 62
60 63
61 64
62 65
63 66
64 67
65 68
66 69
67 70
68 71
69 72
70 73
71 74
72 75
73 76
74 77
75 78
76 79
77 80
78 81
79 82
80 83
81 84
82 85
83 86
84 87
85 88
86 89
87 90
88 91
89 92
90 93
91 94
92 95
93 96
94 97
95 98
96 99
