JOBS 100
0 COPY 60
1 SUM 108
2 SUM 108
3 TGAMMA 60
4 TGAMMA 12
5 DOT 36
6 COPY 60
7 SUM 84
8 POW 24
9 DOT 84
10 SUM 84
11 XPY 60
12 SUM 84
13 COPY 84
14 DOT 36
15 XPY 48
16 COPY 60
17 SUM 108
18 SUM 84
19 COPY 60
20 SUM 132
21 COPY 60
22 POW 36
23 POW 12
24 SUM 84
25 XPY 60
26 SUM 132
27 XPY 60
28 SUM 84
29 SUM 108
30 TGAMMA 60
31 COPY 60
32 SUM 132
33 COPY 84
34 DOT 84
35 ERF 48
36 SQRTX 12
37 DOT 36
38 POW 24
39 DOT 84
40 XPY 48
41 XPY 48
42 ERF 12
43 COPY 84
44 DOT 84
45 SQRTX 12
46 COPY 84
47 SQRTX 48
48 TGAMMA 12
49 COPY 60
50 POW 12
51 TGAMMA 12
52 XPY 48
53 POW 24
54 SQRTX 12
55 POW 36
56 COPY 84
57 POW 24
58 DOT 84
59 XPY 60
60 COPY 84
61 SUM 132
62 XPY 60
63 DOT 84
64 SQRTX 48
65 SUM 132
66 POW 36
67 DOT 36
68 TGAMMA 120
69 COPY 84
70 XPY 60
71 DOT 36
72 COPY 84
73 SQRTX 12
74 TGAMMA 12
75 COPY 60
76 DOT 36
77 TGAMMA 60
78 ERF 48
79 SUM 108
80 COPY 84
81 COPY 60
82 SUM 108
83 TGAMMA 60
84 POW 12
85 XPY 60
86 POW 24
87 SUM 84
88 XPY 60
89 TGAMMA 12
90 COPY 60
91 XPY 60
92 DOT 36
93 SQRTX 12
94 SUM 132
95 TGAMMA 12
96 TGAMMA 60
97 DOT 36
98 POW 12
99 TGAMMA 60
DEPS 97
0 3
1 4
2 5
3 6
4 7
5 8
6 9
7 10
8 11
9 12
10 13
11 14
12 15
13 16
14 17
15 18
16 19
17 20
18 21
19 22
20 23
21 24
22 25
23 26
24 27
25 28
26 29
27 30
28 31
29 32
30 33
31 34
32 35
33 36
34 37
35 38
36 39
37 40
38 41
39 42
40 43
41 44
42 45
43 46
44 47
45 48
46 49
47 50
48 51
49 52
50 53
51 54
52 55
53 56
54 57
55 58
56 59
57 60
58 61
59 62
60 63
61 64
62 65
63 66
64 67
65 68
66 69
67 70
68 71
69 72
70 73
71 74
72 75
73 76
74 77
75 78
76 79
77 80
78 81
79 82
80 83
81 84
82 85
83 86
84 87
85 88
86 89
87 90
88 91
89 92
90 93
91 94
92 95
93 96
94 97
95 98
96 99
