JOBS 100
0 COPY 60
1 TGAMMA 60
2 SUM 108
3 SUM 132
4 POW 24
5 SUM 132
6 XPY 48
7 DOT 84
8 POW 12
9 COPY 84
10 POW 36
11 XPY 60
12 SUM 84
13 SUM 84
14 SUM 84
15 COPY 84
16 COPY 60
17 DOT 84
18 SUM 108
19 XPY 60
20 XPY 48
21 DOT 84
22 SUM 132
23 SUM 132
24 POW 24
25 XPY 60
26 DOT 84
27 SUM 108
28 TGAMMA 60
29 COPY 84
30 SUM 84
31 SUM 108
32 XPY 48
33 SUM 108
34 COPY 60
35 SUM 108
36 SUM 132
37 SUM 84
38 SUM 132
39 COPY 60
40 SUM 84
41 SUM 108
42 SUM 84
43 COPY 60
44 SUM 84
45 XPY 60
46 DOT 36
47 DOT 36
48 SUM 132
49 XPY 60
50 TGAMMA 120
51 SUM 132
52 XPY 60
53 DOT 84
54 DOT 84
55 DOT 84
56 XPY 48
57 SUM 84
58 COPY 84
59 COPY 60
60 COPY 84
61 SUM 132
62 XPY 60
63 XPY 48
64 DOT 84
65 DOT 36
66 SUM 108
67 SUM 108
68 DOT 84
69 POW 24
70 SUM 108
71 DOT 36
72 SUM 108
73 XPY 48
74 COPY 60
75 SUM 84
76 SUM 108
77 COPY 60
78 XPY 48
79 XPY 60
80 COPY 60
81 COPY 60
82 COPY 60
83 SUM 132
84 SUM 84
85 COPY 60
86 SUM 132
87 SUM 132
88 XPY 60
89 SUM 108
90 SUM 84
91 SUM 108
92 DOT 84
93 XPY 48
94 COPY 84
95 POW 36
96 TGAMMA 60
97 COPY 84
98 DOT 36
99 COPY 60
DEPS 97
0 3
1 4
2 5
3 6
4 7
5 8
6 9
7 10
8 11
9 12
10 13
11 14
12 15
13 16
14 17
15 18
16 19
17 20
18 21
19 22
20 23
21 24
22 25
23 26
24 27
25 28
26 29
27 30
28 31
29 32
30 33
31 34
32 35
33 36
34 37
35 38
36 39
37 40
38 41
39 42
40 43
41 44
42 45
43 46
44 47
45 48
46 49
47 50
48 51
49 52
50 53
51 54
52 55
53 56
54 57
55 58
56 59
57 60
58 61
59 62
60 63
61 64
62 65
63 66
64 67
65 68
66 69
67 70
68 71
69 72
70 73
71 74
72 75
73 76
74 77
75 78
76 79
77 80
78 81
79 82
80 83
81 84
82 85
83 86
84 87
85 88
86 89
87 90
88 91
89 92
90 93
91 94
92 95
93 96
94 97
95 98
96 99
