JOBS 100
0 TGAMMA 12
1 POW 24
2 TGAMMA 12
3 POW 24
4 DOT 36
5 POW 12
6 TGAMMA 120
7 TGAMMA 60
8 DOT 36
9 TGAMMA 120
10 POW 24
11 TGAMMA 60
12 POW 36
13 SQRTX 12
14 SUM 84
15 SUM 108
16 TGAMMA 120
17 COPY 84
18 POW 12
19 XPY 60
20 SQRTX 12
21 POW 12
22 DOT 84
23 POW 24
24 TGAMMA 60
25 XPY 60
26 POW 12
27 POW 36
28 SUM 132
29 TGAMMA 120
30 TGAMMA 60
31 TGAMMA 60
32 TGAMMA 60
33 COPY 60
34 POW 24
35 TGAMMA 60
36 TGAMMA 12
37 POW 24
38 TGAMMA 60
39 COPY 84
40 POW 24
41 TGAMMA 120
42 SUM 108
43 DOT 84
44 POW 36
45 TGAMMA 12
46 POW 12
47 POW 36
48 XPY 60
49 SQRTX 12
50 POW 36
51 SUM 84
52 SUM 84
53 TGAMMA 120
54 TGAMMA 60
55 DOT 84
56 TGAMMA 120
57 TGAMMA 120
58 COPY 60
59 COPY 84
60 TGAMMA 12
61 TGAMMA 60
62 POW 24
63 TGAMMA 12
64 POW 36
65 TGAMMA 120
66 SQRTX 48
67 POW 24
68 POW 24
69 TGAMMA 120
70 XPY 48
71 ERF 24
72 XPY 48
73 TGAMMA 60
74 SQRTX 12
75 POW 36
76 POW 24
77 TGAMMA 12
78 SQRTX 12
79 ERF 12
80 SQRTX 48
81 TGAMMA 60
82 SUM 108
83 TGAMMA 60
84 POW 24
85 TGAMMA 12
86 POW 36
87 POW 12
88 XPY 48
89 POW 24
90 POW 36
91 XPY 60
92 POW 36
93 POW 12
94 COPY 84
95 POW 24
96 POW 36
97 ERF 24
98 POW 12
99 TGAMMA 60
DEPS 97
0 3
1 4
2 5
3 6
4 7
5 8
6 9
7 10
8 11
9 12
10 13
11 14
12 15
13 16
14 17
15 18
16 19
17 20
18 21
19 22
20 23
21 24
22 25
23 26
24 27
25 28
26 29
27 30
28 31
29 32
30 33
31 34
32 35
33 36
34 37
35 38
36 39
37 40
38 41
39 42
40 43
41 44
42 45
43 46
44 47
45 48
46 49
47 50
48 51
49 52
50 53
51 54
52 55
53 56
54 57
55 58
56 59
57 60
58 61
59 62
60 63
61 64
62 65
63 66
64 67
65 68
66 69
67 70
68 71
69 72
70 73
71 74
72 75
73 76
74 77
75 78
76 79
77 80
78 81
79 82
80 83
81 84
82 85
83 86
84 87
85 88
86 89
87 90
88 91
89 92
90 93
91 94
92 95
93 96
94 97
95 98
96 99
