JOBS 100
0 POW 36
1 TGAMMA 120
2 POW 12
3 POW 12
4 TGAMMA 12
5 POW 36
6 TGAMMA 12
7 POW 12
8 TGAMMA 12
9 POW 12
10 POW 24
11 TGAMMA 12
12 POW 24
13 TGAMMA 120
14 COPY 60
15 SUM 108
16 POW 36
17 POW 36
18 COPY 84
19 SUM 108
20 SUM 84
21 ERF 12
22 TGAMMA 120
23 SQRTX 12
24 DOT 36
25 SQRTX 48
26 SUM 132
27 POW 36
28 DOT 36
29 POW 36
30 SUM 132
31 POW 12
32 DOT 36
33 SQRTX 48
34 ERF 48
35 COPY 84
36 SUM 132
37 XPY 48
38 XPY 60
39 TGAMMA 120
40 COPY 60
41 COPY 60
42 POW 36
43 SUM 132
44 DOT 84
45 POW 12
46 TGAMMA 60
47 SUM 84
48 SUM 108
49 SUM 84
50 TGAMMA 60
51 TGAMMA 12
52 XPY 60
53 SUM 84
54 ERF 24
55 XPY 48
56 DOT 84
57 SUM 132
58 POW 36
59 COPY 60
60 TGAMMA 12
61 DOT 36
62 DOT 84
63 ERF 12
64 TGAMMA 12
65 POW 12
66 POW 36
67 POW 12
68 SUM 108
69 DOT 84
70 POW 36
71 TGAMMA 120
72 POW 12
73 XPY 48
74 TGAMMA 12
75 SUM 84
76 ERF 48
77 POW 36
78 POW 24
79 SUM 132
80 SUM 108
81 TGAMMA 60
82 DOT 36
83 SUM 132
84 POW 36
85 SUM 108
86 ERF 24
87 COPY 84
88 SUM 84
89 DOT 84
90 POW 12
91 COPY 60
92 POW 12
93 POW 12
94 TGAMMA 12
95 POW 24
96 ERF 24
97 DOT 36
98 COPY 60
99 DOT 36
DEPS 132
0 3
1 4
2 4
1 5
2 5
5 6
3 7
5 8
3 8
6 9
8 10
7 11
10 12
11 13
11 14
13 15
12 15
12 16
12 17
16 18
16 19
15 19
15 20
18 21
20 22
20 23
23 24
23 25
21 25
23 26
25 27
25 28
26 29
27 30
29 31
27 31
29 32
31 33
31 34
30 34
31 35
33 36
34 37
35 38
37 39
36 39
38 40
36 40
38 41
41 42
39 43
40 44
44 45
44 46
43 47
46 48
45 49
47 49
45 50
47 50
50 51
49 51
49 52
48 52
49 53
52 54
51 54
52 55
53 55
53 56
52 56
55 57
56 58
54 59
58 60
57 60
57 61
59 61
58 62
61 63
61 64
62 64
61 65
62 65
64 66
63 66
65 67
63 67
63 68
64 68
68 69
67 70
67 71
68 71
71 72
69 72
71 73
69 73
70 74
73 75
72 76
73 77
75 78
77 79
77 80
75 80
78 81
78 82
80 82
80 83
81 84
82 85
83 86
81 86
86 87
84 87
86 88
84 88
84 89
88 90
89 90
87 91
88 92
89 92
92 93
92 94
92 95
94 96
93 96
95 97
94 98
96 99
