JOBS 100
0 POW 12
1 TGAMMA 60
2 POW 24
3 TGAMMA 120
4 TGAMMA 60
5 POW 12
6 POW 12
7 TGAMMA 12
8 POW 36
9 POW 36
10 POW 12
11 POW 12
12 POW 36
13 TGAMMA 120
14 TGAMMA 120
15 TGAMMA 12
16 POW 36
17 TGAMMA 12
18 POW 36
19 TGAMMA 12
20 POW 24
21 POW 12
22 TGAMMA 60
23 TGAMMA 60
24 TGAMMA 12
25 TGAMMA 120
26 TGAMMA 12
27 POW 24
28 POW 36
29 POW 24
30 POW 12
31 TGAMMA 12
32 POW 12
33 POW 24
34 TGAMMA 120
35 POW 24
36 POW 12
37 POW 12
38 TGAMMA 60
39 TGAMMA 120
40 TGAMMA 60
41 POW 12
42 TGAMMA 60
43 POW 36
44 POW 12
45 TGAMMA 60
46 POW 12
47 POW 12
48 TGAMMA 120
49 POW 12
50 TGAMMA 60
51 TGAMMA 60
52 POW 12
53 TGAMMA 12
54 TGAMMA 12
55 POW 36
56 TGAMMA 12
57 POW 24
58 TGAMMA 120
59 POW 36
60 POW 12
61 TGAMMA 12
62 POW 12
63 TGAMMA 60
64 POW 36
65 POW 36
66 TGAMMA 12
67 POW 12
68 TGAMMA 12
69 TGAMMA 12
70 POW 24
71 POW 24
72 POW 36
73 TGAMMA 120
74 TGAMMA 60
75 TGAMMA 12
76 POW 24
77 POW 36
78 POW 36
79 TGAMMA 120
80 TGAMMA 60
81 POW 36
82 POW 36
83 POW 36
84 POW 24
85 TGAMMA 120
86 TGAMMA 120
87 POW 24
88 POW 36
89 POW 24
90 TGAMMA 60
91 POW 24
92 POW 36
93 TGAMMA 12
94 TGAMMA 12
95 TGAMMA 60
96 POW 12
97 TGAMMA 60
98 TGAMMA 60
99 TGAMMA 120
DEPS 135
1 3
0 4
1 5
2 5
3 6
5 7
4 7
5 8
6 9
8 10
7 10
7 11
11 12
10 12
10 13
9 14
11 14
13 15
12 16
14 16
14 17
16 18
15 18
16 19
15 19
16 20
17 20
20 21
19 21
19 22
18 23
21 24
23 24
21 25
23 26
26 27
25 28
26 29
25 29
27 30
29 31
29 32
27 32
31 33
30 33
30 34
32 34
30 35
32 35
33 36
34 37
33 37
33 38
37 39
37 40
38 41
37 41
39 42
41 42
40 43
39 44
41 44
44 45
43 45
42 46
42 47
45 48
46 49
45 49
45 50
48 51
48 52
48 53
51 54
53 55
52 55
53 56
56 57
54 58
55 58
54 59
58 60
59 61
57 62
61 63
62 63
60 64
61 64
62 65
63 66
64 66
64 67
65 68
68 69
66 69
66 70
67 70
67 71
66 71
71 72
69 73
71 73
71 74
72 75
74 75
74 76
74 77
77 78
77 79
75 79
75 80
77 80
78 81
79 82
79 83
81 84
81 85
82 86
85 87
84 87
86 88
86 89
88 90
87 90
88 91
88 92
92 93
90 93
91 94
91 95
94 96
93 97
95 97
94 98
98 99
