JOBS 100
0 COPY 60
1 XPY 60
2 POW 12
3 SUM 84
4 POW 24
5 POW 24
6 SUM 132
7 SUM 108
8 TGAMMA 120
9 SQRTX 48
10 SUM 108
11 XPY 48
12 TGAMMA 12
13 SUM 84
14 DOT 36
15 POW 12
16 SUM 132
17 DOT 36
18 DOT 36
19 COPY 84
20 SUM 108
21 TGAMMA 60
22 POW 12
23 XPY 60
24 DOT 36
25 SUM 132
26 ERF 24
27 XPY 60
28 COPY 60
29 COPY 60
30 SQRTX 12
31 COPY 60
32 SUM 84
33 SUM 108
34 TGAMMA 120
35 XPY 48
36 DOT 36
37 SUM 84
38 SUM 108
39 DOT 36
40 COPY 60
41 TGAMMA 120
42 XPY 60
43 XPY 48
44 DOT 36
45 ERF 12
46 TGAMMA 120
47 DOT 36
48 TGAMMA 60
49 POW 36
50 DOT 36
51 TGAMMA 60
52 TGAMMA 12
53 XPY 48
54 POW 24
55 TGAMMA 12
56 SUM 108
57 TGAMMA 60
58 DOT 84
59 XPY 48
60 TGAMMA 120
61 XPY 48
62 COPY 60
63 ERF 48
64 SUM 132
65 SUM 108
66 XPY 60
67 SQRTX 48
68 TGAMMA 60
69 DOT 84
70 XPY 60
71 POW 24
72 SUM 132
73 SQRTX 12
74 TGAMMA 12
75 SUM 84
76 SQRTX 48
77 DOT 84
78 COPY 84
79 DOT 84
80 SUM 84
81 TGAMMA 60
82 ERF 24
83 DOT 36
84 TGAMMA 60
85 XPY 48
86 SUM 132
87 DOT 36
88 SQRTX 48
89 COPY 60
90 XPY 60
91 XPY 48
92 SUM 108
93 COPY 84
94 COPY 84
95 TGAMMA 12
96 COPY 84
97 DOT 36
98 SUM 132
99 DOT 84
DEPS 128
1 3
0 4
1 4
0 5
4 6
5 7
3 8
4 8
7 9
8 10
6 11
7 11
11 12
9 12
9 13
10 13
9 14
11 14
13 15
14 16
13 16
12 17
16 18
17 18
15 19
17 20
19 21
20 22
19 22
20 23
21 24
23 25
23 26
24 27
26 27
25 28
24 28
25 29
28 30
28 31
27 32
32 33
30 33
30 34
32 35
33 36
35 36
35 37
33 37
35 38
38 39
38 40
36 41
38 41
41 42
40 43
39 44
44 45
43 46
42 47
47 48
45 48
46 49
45 50
50 51
50 52
48 53
53 54
52 55
51 55
53 56
54 57
56 58
55 58
55 59
58 60
57 61
59 62
60 63
62 64
62 65
61 65
65 66
63 66
63 67
63 68
67 69
68 70
67 71
68 71
70 72
71 73
71 74
73 75
72 76
74 76
74 77
73 77
77 78
76 79
75 80
78 81
80 81
80 82
78 82
80 83
79 83
81 84
83 85
82 86
84 87
84 88
85 89
84 89
88 90
87 91
87 92
89 92
92 93
91 93
92 94
91 95
90 95
93 96
94 97
94 98
96 99
97 99
