JOBS 100
0 DOT 84
1 COPY 84
2 XPY 48
3 SUM 132
4 SUM 132
5 XPY 60
6 XPY 60
7 COPY 60
8 COPY 60
9 XPY 60
10 XPY 60
11 DOT 36
12 SUM 132
13 XPY 60
14 SUM 132
15 DOT 84
16 POW 36
17 COPY 84
18 TGAMMA 60
19 SUM 84
20 SUM 84
21 COPY 60
22 COPY 84
23 SUM 132
24 DOT 36
25 SUM 132
26 COPY 60
27 SUM 84
28 XPY 60
29 XPY 48
30 COPY 60
31 DOT 36
32 SUM 84
33 DOT 84
34 XPY 60
35 DOT 36
36 SUM 132
37 SUM 108
38 SUM 108
39 XPY 60
40 SUM 108
41 TGAMMA 12
42 SUM 84
43 COPY 60
44 SUM 132
45 XPY 60
46 TGAMMA 120
47 DOT 36
48 POW 12
49 COPY 60
50 SUM 84
51 SUM 84
52 COPY 60
53 SUM 108
54 TGAMMA 120
55 SUM 132
56 SUM 84
57 DOT 36
58 COPY 60
59 SUM 84
60 COPY 84
61 DOT 36
62 COPY 60
63 XPY 60
64 XPY 48
65 SUM 108
66 POW 24
67 DOT 36
68 POW 24
69 DOT 36
70 SUM 84
71 DOT 84
72 DOT 84
73 SUM 108
74 SUM 132
75 SUM 108
76 TGAMMA 12
77 COPY 60
78 COPY 60
79 DOT 84
80 COPY 60
81 SUM 108
82 SUM 84
83 COPY 60
84 SUM 84
85 SUM 108
86 SUM 84
87 COPY 84
88 DOT 36
89 COPY 84
90 SUM 84
91 XPY 48
92 COPY 60
93 SUM 84
94 SUM 108
95 DOT 36
96 SUM 84
97 SUM 132
98 DOT 36
99 TGAMMA 120
DEPS 96
1 0
2 0
3 1
4 1
5 2
6 2
7 3
8 3
9 4
10 4
11 5
12 5
13 6
14 6
15 7
16 7
17 8
18 8
19 9
20 9
21 10
22 10
23 11
24 11
26 25
27 25
28 26
29 26
30 27
31 27
32 28
33 28
34 29
35 29
36 30
37 30
38 31
39 31
40 32
41 32
42 33
43 33
44 34
45 34
46 35
47 35
48 36
49 36
51 50
52 50
53 51
54 51
55 52
56 52
57 53
58 53
59 54
60 54
61 55
62 55
63 56
64 56
65 57
66 57
67 58
68 58
69 59
70 59
71 60
72 60
73 61
74 61
76 75
77 75
78 76
79 76
80 77
81 77
82 78
83 78
84 79
85 79
86 80
87 80
88 81
89 81
90 82
91 82
92 83
93 83
94 84
95 84
96 85
97 85
98 86
99 86
