JOBS 100
0 XPY 60
1 ERF 12
2 POW 36
3 SUM 84
4 COPY 60
5 COPY 60
6 SUM 108
7 POW 36
8 POW 36
9 SUM 84
10 TGAMMA 12
11 DOT 36
12 SUM 108
13 POW 12
14 DOT 36
15 SUM 108
16 COPY 84
17 POW 36
18 COPY 60
19 COPY 84
20 SUM 84
21 XPY 48
22 XPY 48
23 COPY 84
24 DOT 36
25 ERF 24
26 XPY 48
27 TGAMMA 120
28 DOT 84
29 XPY 60
30 POW 36
31 COPY 60
32 DOT 36
33 SUM 108
34 XPY 60
35 SQRTX 12
36 COPY 84
37 SQRTX 48
38 TGAMMA 12
39 COPY 60
40 SQRTX 12
41 XPY 48
42 DOT 36
43 POW 12
44 SUM 108
45 TGAMMA 60
46 COPY 84
47 COPY 60
48 TGAMMA 12
49 COPY 60
50 DOT 84
51 DOT 36
52 TGAMMA 60
53 TGAMMA 120
54 SUM 84
55 SUM 108
56 COPY 84
57 COPY 60
58 POW 24
59 DOT 84
60 XPY 60
61 XPY 60
62 XPY 48
63 DOT 36
64 POW 36
65 COPY 84
66 SUM 108
67 ERF 48
68 SUM 84
69 TGAMMA 120
70 SQRTX 48
71 TGAMMA 12
72 DOT 84
73 XPY 60
74 XPY 60
75 XPY 48
76 TGAMMA 12
77 DOT 84
78 COPY 84
79 COPY 84
80 ERF 48
81 DOT 84
82 POW 24
83 DOT 84
84 POW 24
85 DOT 36
86 DOT 84
87 XPY 48
88 POW 36
89 SQRTX 12
90 SUM 132
91 COPY 84
92 XPY 48
93 DOT 36
94 POW 24
95 TGAMMA 60
96 SUM 108
97 DOT 36
98 POW 24
99 ERF 24
DEPS 96
1 0
2 0
3 1
4 1
5 2
6 2
7 3
8 3
9 4
10 4
11 5
12 5
13 6
14 6
15 7
16 7
17 8
18 8
19 9
20 9
21 10
22 10
23 11
24 11
26 25
27 25
28 26
29 26
30 27
31 27
32 28
33 28
34 29
35 29
36 30
37 30
38 31
39 31
40 32
41 32
42 33
43 33
44 34
45 34
46 35
47 35
48 36
49 36
51 50
52 50
53 51
54 51
55 52
56 52
57 53
58 53
59 54
60 54
61 55
62 55
63 56
64 56
65 57
66 57
67 58
68 58
69 59
70 59
71 60
72 60
73 61
74 61
76 75
77 75
78 76
79 76
80 77
81 77
82 78
83 78
84 79
85 79
86 80
87 80
88 81
89 81
90 82
91 82
92 83
93 83
94 84
95 84
96 85
97 85
98 86
99 86
