JOBS 100
0 POW 24
1 TGAMMA 12
2 XPY 48
3 DOT 84
4 TGAMMA 60
5 POW 24
6 XPY 60
7 COPY 84
8 ERF 24
9 DOT 36
10 COPY 60
11 ERF 48
12 TGAMMA 12
13 XPY 60
14 XPY 60
15 POW 36
16 XPY 60
17 XPY 48
18 POW 24
19 ERF 24
20 ERF 12
21 XPY 60
22 POW 24
23 SQRTX 12
24 POW 36
25 SQRTX 12
26 XPY 48
27 XPY 60
28 POW 36
29 POW 24
30 POW 36
31 ERF 12
32 ERF 48
33 XPY 60
34 SUM 132
35 TGAMMA 120
36 TGAMMA 120
37 COPY 84
38 SUM 84
39 COPY 60
40 POW 36
41 TGAMMA 60
42 ERF 48
43 SUM 108
44 POW 36
45 TGAMMA 60
46 POW 12
47 COPY 84
48 COPY 84
49 DOT 36
50 ERF 24
51 TGAMMA 60
52 COPY 60
53 TGAMMA 60
54 TGAMMA 12
55 XPY 48
56 SUM 84
57 COPY 84
58 TGAMMA 60
59 SUM 108
60 COPY 84
61 XPY 48
62 TGAMMA 120
63 TGAMMA 120
64 XPY 60
65 TGAMMA 12
66 DOT 84
67 POW 36
68 TGAMMA 120
69 SUM 132
70 SUM 84
71 TGAMMA 12
72 TGAMMA 12
73 SQRTX 48
74 SUM 132
75 POW 36
76 COPY 60
77 SUM 108
78 SUM 108
79 SUM 132
80 TGAMMA 12
81 TGAMMA 60
82 SUM 108
83 XPY 60
84 ERF 24
85 XPY 48
86 SUM 132
87 POW 36
88 SQRTX 48
89 COPY 84
90 ERF 24
91 XPY 48
92 POW 36
93 SUM 84
94 POW 24
95 COPY 84
96 POW 36
97 SUM 84
98 SQRTX 48
99 DOT 84
DEPS 96
1 4
4 12
12 35
13 3
0 5
6 14
35 36
14 16
5 15
3 9
36 41
9 49
16 21
41 45
49 66
15 18
45 51
21 27
51 53
66 99
18 22
53 54
54 58
27 33
58 62
22 24
99 7
33 64
62 63
64 83
24 23
63 65
7 34
65 68
23 25
25 73
83 2
68 71
34 38
71 72
72 80
80 81
73 88
2 17
38 43
81 28
17 37
88 98
43 56
28 29
56 59
98 8
37 69
8 11
29 30
59 70
70 74
69 77
11 19
30 40
77 78
74 79
19 20
20 31
78 82
31 32
79 86
40 44
82 93
86 97
32 42
93 10
44 46
97 39
46 67
10 52
42 50
39 76
50 84
67 75
52 47
84 90
76 48
90 87
75 92
47 57
48 60
87 94
92 96
57 89
94 95
60 26
96 55
26 61
89 85
55 91
CORES 100
0 4
1 5
2 0
3 1
4 5
5 4
6 0
7 1
8 4
9 1
10 0
11 4
12 5
13 1
14 0
15 4
16 0
17 0
18 4
19 4
20 4
21 0
22 4
23 4
24 4
25 4
26 1
27 0
28 5
29 5
30 5
31 4
32 4
33 0
34 1
35 5
36 5
37 0
38 1
39 1
40 5
41 5
42 4
43 1
44 5
45 5
46 5
47 0
48 1
49 1
50 4
51 5
52 0
53 5
54 5
55 5
56 1
57 0
58 5
59 1
60 1
61 1
62 5
63 5
64 0
65 5
66 1
67 5
68 5
69 0
70 1
71 5
72 5
73 4
74 1
75 5
76 1
77 0
78 0
79 1
80 5
81 5
82 0
83 0
84 4
85 0
86 1
87 4
88 4
89 0
90 4
91 5
92 5
93 0
94 4
95 4
96 5
97 1
98 4
99 1
