JOBS 100
0 ERF 12
1 XPY 60
2 TGAMMA 60
3 XPY 60
4 ERF 12
5 TGAMMA 12
6 DOT 36
7 ERF 48
8 POW 36
9 COPY 60
10 ERF 24
11 POW 24
12 XPY 60
13 XPY 60
14 POW 36
15 SUM 108
16 TGAMMA 120
17 ERF 48
18 DOT 84
19 DOT 84
20 SQRTX 12
21 COPY 84
22 ERF 48
23 DOT 84
24 POW 24
25 POW 24
26 SQRTX 48
27 POW 24
28 POW 36
29 XPY 48
30 SUM 108
31 TGAMMA 12
32 TGAMMA 60
33 XPY 48
34 SUM 132
35 TGAMMA 120
36 XPY 48
37 ERF 24
38 POW 24
39 ERF 24
40 SUM 132
41 SUM 132
42 ERF 48
43 ERF 24
44 XPY 60
45 COPY 84
46 COPY 84
47 ERF 48
48 ERF 24
49 SQRTX 12
50 POW 24
51 SUM 108
52 COPY 84
53 SUM 108
54 POW 24
55 SQRTX 12
56 TGAMMA 120
57 TGAMMA 120
58 SQRTX 12
59 ERF 48
60 TGAMMA 60
61 ERF 12
62 COPY 60
63 SQRTX 48
64 SUM 84
65 XPY 48
66 SUM 108
67 XPY 48
68 TGAMMA 120
69 SUM 132
70 POW 36
71 COPY 60
72 XPY 60
73 ERF 48
74 ERF 24
75 TGAMMA 120
76 SUM 132
77 SUM 132
78 DOT 84
79 DOT 36
80 XPY 48
81 TGAMMA 120
82 POW 12
83 TGAMMA 12
84 ERF 24
85 SUM 132
86 TGAMMA 120
87 XPY 60
88 SUM 108
89 ERF 24
90 COPY 60
91 TGAMMA 60
92 TGAMMA 120
93 DOT 36
94 XPY 48
95 TGAMMA 12
96 DOT 84
97 SQRTX 12
98 COPY 84
99 POW 24
DEPS 96
2 5
5 16
3 6
1 12
8 11
6 18
16 31
31 32
12 13
32 35
11 14
18 19
13 44
35 56
19 23
44 72
14 24
56 57
72 87
24 25
57 60
23 78
60 68
87 29
25 27
78 79
68 75
29 33
79 93
27 28
93 96
33 36
75 81
36 65
28 38
81 83
96 21
83 86
65 67
38 20
86 91
20 49
67 80
49 55
91 92
21 15
55 58
58 97
80 94
97 26
15 30
92 95
95 50
94 45
26 63
30 34
50 54
63 0
34 40
45 41
54 70
0 4
4 7
40 51
41 53
70 82
51 64
7 10
82 99
53 66
64 69
10 17
66 76
99 22
69 37
17 39
76 46
22 42
37 43
39 47
43 48
46 52
42 59
48 61
61 73
47 74
74 84
59 89
52 98
73 77
84 85
89 88
77 9
85 62
88 71
98 90
CORES 100
0 4
1 0
2 5
3 1
4 4
5 5
6 1
7 4
8 4
9 1
10 4
11 4
12 0
13 0
14 4
15 1
16 5
17 4
18 1
19 1
20 4
21 1
22 5
23 1
24 4
25 4
26 4
27 4
28 4
29 0
30 1
31 5
32 5
33 0
34 1
35 5
36 0
37 1
38 4
39 4
40 1
41 0
42 5
43 1
44 0
45 0
46 0
47 4
48 1
49 4
50 5
51 1
52 0
53 0
54 5
55 4
56 5
57 5
58 4
59 5
60 5
61 1
62 4
63 4
64 1
65 0
66 0
67 0
68 5
69 1
70 5
71 5
72 0
73 1
74 4
75 5
76 0
77 1
78 1
79 1
80 0
81 5
82 5
83 5
84 4
85 4
86 5
87 0
88 5
89 5
90 0
91 5
92 5
93 1
94 0
95 5
96 1
97 4
98 0
99 5
