JOBS 100
0 ERF 24
1 COPY 60
2 POW 12
3 ERF 12
4 DOT 84
5 ERF 48
6 ERF 12
7 SUM 132
8 SQRTX 12
9 DOT 36
10 SUM 132
11 SUM 84
12 TGAMMA 12
13 ERF 48
14 ERF 48
15 ERF 24
16 SUM 132
17 SQRTX 12
18 SUM 132
19 TGAMMA 120
20 SUM 132
21 XPY 60
22 TGAMMA 60
23 DOT 84
24 POW 12
25 POW 12
26 DOT 36
27 DOT 84
28 POW 24
29 DOT 36
30 POW 12
31 POW 12
32 TGAMMA 60
33 POW 12
34 POW 12
35 XPY 60
36 SUM 108
37 DOT 36
38 XPY 48
39 POW 24
40 POW 24
41 XPY 48
42 COPY 84
43 DOT 84
44 SUM 84
45 DOT 84
46 TGAMMA 60
47 POW 24
48 XPY 48
49 COPY 84
50 ERF 24
51 SQRTX 12
52 COPY 84
53 SQRTX 12
54 COPY 84
55 TGAMMA 120
56 COPY 60
57 ERF 48
58 DOT 36
59 COPY 84
60 SUM 84
61 SQRTX 48
62 COPY 60
63 ERF 24
64 SUM 108
65 ERF 24
66 ERF 24
67 ERF 12
68 ERF 12
69 ERF 48
70 SUM 84
71 POW 36
72 COPY 84
73 XPY 60
74 SUM 132
75 COPY 84
76 POW 12
77 SQRTX 48
78 ERF 12
79 DOT 36
80 SUM 132
81 ERF 12
82 ERF 24
83 TGAMMA 120
84 POW 36
85 SUM 108
86 SQRTX 48
87 SUM 108
88 POW 12
89 ERF 48
90 TGAMMA 60
91 POW 24
92 SUM 132
93 TGAMMA 60
94 SUM 132
95 TGAMMA 120
96 ERF 12
97 DOT 84
98 POW 24
99 POW 36
DEPS 96
12 19
2 22
35 73
21 38
22 32
19 46
32 55
46 83
38 41
73 48
55 90
41 4
83 24
48 9
90 25
24 28
9 23
25 30
4 26
30 31
28 33
26 27
23 29
31 34
33 39
34 40
29 37
27 43
39 47
37 45
40 71
47 76
43 58
45 79
76 84
58 97
79 42
71 8
8 17
17 51
51 53
53 61
84 88
97 7
42 49
88 91
61 77
7 10
91 98
77 86
49 52
10 11
98 99
11 16
86 0
52 18
0 3
99 5
3 6
16 13
6 14
18 54
5 15
13 50
14 57
15 63
50 65
54 59
63 66
65 67
57 68
67 69
66 78
68 81
78 82
81 89
59 72
82 96
69 20
96 93
89 36
93 95
72 44
20 60
44 64
36 70
95 74
60 80
70 85
64 87
74 92
80 94
85 1
87 56
92 62
94 75
CORES 100
0 4
1 4
2 4
3 4
4 0
5 5
6 4
7 0
8 4
9 1
10 0
11 0
12 5
13 0
14 4
15 5
16 0
17 4
18 1
19 5
20 0
21 0
22 4
23 1
24 5
25 4
26 0
27 0
28 5
29 1
30 4
31 4
32 4
33 5
34 4
35 1
36 4
37 1
38 0
39 5
40 4
41 0
42 1
43 0
44 1
45 1
46 5
47 5
48 1
49 1
50 0
51 4
52 1
53 4
54 1
55 4
56 1
57 4
58 0
59 1
60 0
61 4
62 5
63 5
64 1
65 0
66 5
67 0
68 4
69 0
70 4
71 4
72 1
73 1
74 5
75 0
76 5
77 4
78 5
79 1
80 0
81 4
82 5
83 5
84 5
85 4
86 4
87 1
88 5
89 4
90 4
91 5
92 5
93 5
94 0
95 5
96 5
97 0
98 5
99 5
