JOBS 100
0 POW 24
1 SQRTX 48
2 ERF 48
3 DOT 84
4 ERF 24
5 ERF 24
6 TGAMMA 60
7 SQRTX 12
8 SUM 84
9 POW 36
10 TGAMMA 120
11 POW 24
12 POW 36
13 POW 36
14 COPY 84
15 TGAMMA 12
16 SUM 108
17 ERF 48
18 XPY 60
19 SQRTX 12
20 XPY 60
21 POW 36
22 SUM 108
23 ERF 48
24 ERF 48
25 ERF 24
26 XPY 48
27 TGAMMA 60
28 TGAMMA 60
29 DOT 36
30 SUM 84
31 POW 36
32 DOT 36
33 ERF 24
34 SUM 132
35 SUM 108
36 ERF 24
37 SQRTX 12
38 POW 24
39 ERF 48
40 COPY 60
41 COPY 84
42 ERF 12
43 POW 36
44 ERF 24
45 SUM 132
46 POW 36
47 XPY 48
48 XPY 60
49 SUM 108
50 XPY 60
51 COPY 60
52 POW 24
53 SQRTX 48
54 TGAMMA 60
55 POW 12
56 POW 36
57 XPY 48
58 ERF 48
59 XPY 48
60 XPY 60
61 ERF 12
62 ERF 48
63 XPY 60
64 TGAMMA 12
65 POW 24
66 XPY 60
67 TGAMMA 12
68 TGAMMA 12
69 POW 12
70 SUM 84
71 DOT 36
72 SQRTX 12
73 ERF 12
74 SUM 84
75 ERF 12
76 POW 36
77 DOT 36
78 DOT 84
79 POW 36
80 SQRTX 48
81 ERF 24
82 ERF 24
83 ERF 48
84 POW 36
85 SUM 84
86 SQRTX 48
87 DOT 84
88 SUM 132
89 DOT 84
90 TGAMMA 12
91 SUM 108
92 SQRTX 12
93 DOT 84
94 POW 12
95 SUM 84
96 DOT 36
97 POW 24
98 DOT 36
99 ERF 12
DEPS 101
9 12
12 13
13 21
21 31
31 43
43 46
46 56
56 76
76 79
79 84
84 10
10 2
2 17
17 23
23 24
24 39
39 58
58 62
62 83
83 0
0 11
11 38
38 52
52 65
65 97
97 14
97 41
14 3
41 3
3 78
78 87
87 89
89 93
93 1
1 53
53 80
80 86
86 6
6 27
27 28
28 54
54 34
34 45
45 88
88 18
18 20
20 48
48 50
50 60
60 63
63 66
66 40
66 51
40 4
51 4
4 5
5 25
25 33
33 36
36 44
44 81
81 82
82 16
16 22
22 35
35 49
49 91
91 26
26 47
47 57
57 59
59 55
55 69
69 94
94 8
8 30
30 70
70 74
74 85
85 95
95 29
29 32
32 71
71 77
77 96
96 98
98 42
42 61
61 73
73 75
75 99
99 7
7 19
19 37
37 72
72 92
92 15
15 64
64 67
67 68
68 90
CORES 100
0 0 4 1 5
1 0 4 1 5
2 0 4 1 5
3 0 4 1 5
4 0 4 1 5
5 0 4 1 5
6 0 4 1 5
7 0 4 1 5
8 0 4 1 5
9 0 4 1 5
10 0 4 1 5
11 0 4 1 5
12 0 4 1 5
13 0 4 1 5
14 0 1
15 0 4 1 5
16 0 4 1 5
17 0 4 1 5
18 0 4 1 5
19 0 4 1 5
20 0 4 1 5
21 0 4 1 5
22 0 4 1 5
23 0 4 1 5
24 0 4 1 5
25 0 4 1 5
26 0 4 1 5
27 0 4 1 5
28 0 4 1 5
29 0 4 1 5
30 0 4 1 5
31 0 4 1 5
32 0 4 1 5
33 0 4 1 5
34 0 4 1 5
35 0 4 1 5
36 0 4 1 5
37 0 4 1 5
38 0 4 1 5
39 0 4 1 5
40 0 1
41 4 5
42 0 4 1 5
43 0 4 1 5
44 0 4 1 5
45 0 4 1 5
46 0 4 1 5
47 0 4 1 5
48 0 4 1 5
49 0 4 1 5
50 0 4 1 5
51 4 5
52 0 4 1 5
53 0 4 1 5
54 0 4 1 5
55 0 4 1 5
56 0 4 1 5
57 0 4 1 5
58 0 4 1 5
59 0 4 1 5
60 0 4 1 5
61 0 4 1 5
62 0 4 1 5
63 0 4 1 5
64 0 4 1 5
65 0 4 1 5
66 0 4 1 5
67 0 4 1 5
68 0 4 1 5
69 0 4 1 5
70 0 4 1 5
71 0 4 1 5
72 0 4 1 5
73 0 4 1 5
74 0 4 1 5
75 0 4 1 5
76 0 4 1 5
77 0 4 1 5
78 0 4 1 5
79 0 4 1 5
80 0 4 1 5
81 0 4 1 5
82 0 4 1 5
83 0 4 1 5
84 0 4 1 5
85 0 4 1 5
86 0 4 1 5
87 0 4 1 5
88 0 4 1 5
89 0 4 1 5
90 0 4 1 5
91 0 4 1 5
92 0 4 1 5
93 0 4 1 5
94 0 4 1 5
95 0 4 1 5
96 0 4 1 5
97 0 4 1 5
98 0 4 1 5
99 0 4 1 5
