JOBS 100
0 ERF 12
1 TGAMMA 12
2 DOT 84
3 SQRTX 48
4 ERF 24
5 ERF 24
6 ERF 24
7 DOT 36
8 XPY 60
9 SQRTX 48
10 SUM 132
11 POW 12
12 ERF 48
13 COPY 60
14 SUM 132
15 COPY 60
16 POW 36
17 ERF 12
18 SUM 132
19 POW 12
20 XPY 48
21 POW 36
22 XPY 48
23 COPY 60
24 POW 12
25 TGAMMA 120
26 DOT 84
27 TGAMMA 120
28 XPY 60
29 TGAMMA 120
30 SQRTX 48
31 SUM 108
32 ERF 48
33 DOT 84
34 COPY 60
35 TGAMMA 12
36 POW 12
37 XPY 48
38 XPY 48
39 ERF 48
40 POW 24
41 ERF 48
42 SQRTX 48
43 ERF 48
44 SUM 108
45 XPY 60
46 SQRTX 12
47 POW 36
48 TGAMMA 60
49 POW 24
50 POW 12
51 ERF 12
52 DOT 36
53 SUM 84
54 SUM 108
55 COPY 60
56 POW 12
57 ERF 24
58 POW 36
59 SQRTX 12
60 TGAMMA 120
61 XPY 60
62 ERF 24
63 XPY 60
64 DOT 36
65 TGAMMA 12
66 XPY 48
67 DOT 36
68 SUM 84
69 SUM 108
70 DOT 84
71 TGAMMA 120
72 XPY 60
73 XPY 48
74 SUM 132
75 SUM 132
76 SUM 132
77 XPY 48
78 SQRTX 12
79 TGAMMA 120
80 COPY 84
81 ERF 24
82 TGAMMA 60
83 XPY 60
84 POW 12
85 XPY 48
86 POW 24
87 XPY 60
88 POW 12
89 SUM 84
90 SQRTX 12
91 SUM 132
92 TGAMMA 120
93 POW 36
94 DOT 36
95 SUM 108
96 DOT 84
97 DOT 36
98 TGAMMA 12
99 DOT 84
DEPS 99
16 21
21 47
47 58
58 93
93 25
25 27
27 29
29 60
60 71
71 79
79 92
92 12
12 32
32 39
39 41
41 43
43 40
40 49
49 86
86 80
86 2
2 26
80 33
26 70
33 96
70 99
96 3
3 9
99 30
9 42
30 48
42 82
48 10
82 14
10 18
14 74
18 75
74 76
75 91
76 8
91 28
8 45
28 61
45 63
61 72
63 83
72 87
83 13
87 15
13 23
15 34
23 55
34 4
55 5
4 6
5 57
6 62
57 81
62 31
81 44
31 54
44 69
54 95
69 20
95 22
20 37
22 38
37 66
38 73
66 77
73 85
77 11
11 19
85 24
19 36
24 50
36 56
50 84
56 88
84 53
88 68
53 89
68 7
89 52
7 64
52 67
64 94
67 97
94 0
0 17
97 51
17 46
51 59
46 78
59 90
78 1
90 35
1 65
35 98
CORES 100
0 0 1
1 0 1
2 4 5
3 0 1
4 4 5
5 0 1
6 4 5
7 0 1
8 0 1
9 0 1
10 4 5
11 0 1
12 0 4 1 5
13 0 1
14 0 1
15 4 5
16 0 4 1 5
17 0 1
18 4 5
19 0 1
20 0 1
21 0 4 1 5
22 4 5
23 0 1
24 4 5
25 0 4 1 5
26 4 5
27 0 4 1 5
28 4 5
29 0 4 1 5
30 4 5
31 4 5
32 0 4 1 5
33 0 1
34 4 5
35 4 5
36 0 1
37 0 1
38 4 5
39 0 4 1 5
40 0 4 1 5
41 0 4 1 5
42 0 1
43 0 4 1 5
44 0 1
45 0 1
46 0 1
47 0 4 1 5
48 4 5
49 0 4 1 5
50 4 5
51 4 5
52 4 5
53 4 5
54 4 5
55 0 1
56 0 1
57 0 1
58 0 4 1 5
59 4 5
60 0 4 1 5
61 4 5
62 4 5
63 0 1
64 0 1
65 0 1
66 0 1
67 4 5
68 0 1
69 0 1
70 4 5
71 0 4 1 5
72 4 5
73 4 5
74 0 1
75 4 5
76 0 1
77 0 1
78 0 1
79 0 4 1 5
80 0 1
81 0 1
82 0 1
83 0 1
84 4 5
85 4 5
86 0 4 1 5
87 4 5
88 0 1
89 4 5
90 4 5
91 4 5
92 0 4 1 5
93 0 4 1 5
94 0 1
95 4 5
96 0 1
97 4 5
98 4 5
99 4 5
