JOBS 100
0 POW 36
1 ERF 48
2 ERF 12
3 POW 12
4 SUM 132
5 POW 12
6 ERF 24
7 POW 36
8 ERF 12
9 ERF 12
10 DOT 36
11 TGAMMA 60
12 DOT 36
13 DOT 84
14 TGAMMA 120
15 SUM 132
16 XPY 48
17 COPY 60
18 XPY 60
19 POW 12
20 SQRTX 12
21 ERF 12
22 XPY 60
23 SUM 132
24 XPY 60
25 TGAMMA 60
26 SUM 108
27 POW 36
28 DOT 84
29 ERF 12
30 ERF 12
31 POW 12
32 SQRTX 48
33 POW 24
34 SQRTX 12
35 SQRTX 48
36 POW 12
37 SUM 132
38 SQRTX 48
39 ERF 48
40 XPY 60
41 SQRTX 48
42 SQRTX 48
43 ERF 24
44 DOT 84
45 COPY 60
46 TGAMMA 120
47 XPY 48
48 TGAMMA 12
49 POW 36
50 SQRTX 48
51 SUM 108
52 SUM 84
53 DOT 84
54 TGAMMA 12
55 TGAMMA 120
56 POW 24
57 TGAMMA 120
58 POW 36
59 TGAMMA 12
60 ERF 48
61 ERF 12
62 XPY 60
63 SUM 84
64 SQRTX 12
65 COPY 60
66 SQRTX 12
67 DOT 84
68 TGAMMA 120
69 TGAMMA 120
70 XPY 60
71 DOT 36
72 DOT 84
73 TGAMMA 120
74 COPY 84
75 XPY 48
76 ERF 48
77 COPY 60
78 DOT 84
79 TGAMMA 120
80 TGAMMA 60
81 ERF 24
82 TGAMMA 12
83 POW 12
84 SUM 84
85 SQRTX 12
86 TGAMMA 60
87 TGAMMA 60
88 TGAMMA 60
89 ERF 24
90 POW 24
91 SUM 84
92 SQRTX 12
93 SUM 132
94 ERF 24
95 POW 24
96 ERF 48
97 TGAMMA 60
98 TGAMMA 60
99 XPY 48
DEPS 99
0 7
7 27
27 49
49 58
58 14
14 46
46 55
55 57
57 68
68 69
69 73
73 79
79 1
1 39
39 60
60 76
76 96
96 33
33 56
56 90
90 95
95 74
95 13
13 28
74 44
28 53
44 67
53 72
67 78
72 32
78 35
32 38
35 41
38 42
41 50
42 11
50 25
11 80
25 86
80 87
86 88
87 97
88 98
97 4
98 15
4 23
15 37
23 93
37 18
18 22
93 24
22 40
24 62
40 70
62 17
70 45
17 65
45 77
65 6
6 43
77 81
43 89
81 94
89 26
94 51
26 16
51 47
16 75
47 99
75 3
99 5
3 19
5 31
19 36
31 83
36 52
83 63
52 84
63 91
84 10
91 12
10 71
12 2
71 8
2 9
8 21
9 29
21 30
29 61
30 20
61 34
20 64
34 66
64 85
66 92
85 48
92 54
48 59
54 82
CORES 100
0 0 4 1 5
1 0 4 1 5
2 0 1
3 4 5
4 4 5
5 0 1
6 4 5
7 0 4 1 5
8 4 5
9 0 1
10 4 5
11 4 5
12 0 1
13 4 5
14 0 4 1 5
15 0 1
16 4 5
17 4 5
18 0 1
19 4 5
20 4 5
21 4 5
22 0 1
23 4 5
24 4 5
25 0 1
26 4 5
27 0 4 1 5
28 4 5
29 0 1
30 4 5
31 0 1
32 4 5
33 0 4 1 5
34 0 1
35 0 1
36 4 5
37 0 1
38 4 5
39 0 4 1 5
40 0 1
41 0 1
42 4 5
43 4 5
44 0 1
45 0 1
46 0 4 1 5
47 0 1
48 4 5
49 0 4 1 5
50 0 1
51 0 1
52 4 5
53 4 5
54 0 1
55 0 4 1 5
56 0 4 1 5
57 0 4 1 5
58 0 4 1 5
59 4 5
60 0 4 1 5
61 0 1
62 4 5
63 0 1
64 4 5
65 4 5
66 0 1
67 0 1
68 0 4 1 5
69 0 4 1 5
70 0 1
71 4 5
72 4 5
73 0 4 1 5
74 0 1
75 4 5
76 0 4 1 5
77 0 1
78 0 1
79 0 4 1 5
80 4 5
81 0 1
82 0 1
83 0 1
84 4 5
85 4 5
86 0 1
87 4 5
88 0 1
89 4 5
90 0 4 1 5
91 0 1
92 0 1
93 4 5
94 0 1
95 0 4 1 5
96 0 4 1 5
97 4 5
98 0 1
99 0 1
