JOBS 100
0 SUM 108
1 SQRTX 48
2 SUM 132
3 TGAMMA 120
4 SQRTX 12
5 POW 24
6 ERF 12
7 DOT 84
8 SUM 108
9 SQRTX 12
10 DOT 84
11 TGAMMA 12
12 POW 36
13 POW 36
14 TGAMMA 120
15 TGAMMA 120
16 SUM 132
17 POW 12
18 SUM 108
19 DOT 36
20 SUM 108
21 SUM 108
22 COPY 60
23 DOT 36
24 COPY 84
25 COPY 84
26 POW 24
27 SQRTX 48
28 SUM 132
29 XPY 60
30 TGAMMA 60
31 SUM 132
32 COPY 84
33 POW 24
34 ERF 48
35 TGAMMA 120
36 ERF 12
37 SUM 84
38 DOT 36
39 XPY 48
40 POW 36
41 DOT 84
42 DOT 84
43 TGAMMA 120
44 SUM 108
45 XPY 60
46 TGAMMA 120
47 COPY 84
48 DOT 36
49 TGAMMA 60
50 ERF 48
51 ERF 48
52 COPY 84
53 ERF 12
54 ERF 12
55 XPY 60
56 SQRTX 12
57 TGAMMA 120
58 ERF 24
59 ERF 12
60 XPY 60
61 ERF 12
62 ERF 48
63 XPY 48
64 SUM 132
65 POW 12
66 TGAMMA 12
67 DOT 36
68 COPY 60
69 TGAMMA 60
70 COPY 84
71 SUM 132
72 DOT 36
73 TGAMMA 12
74 DOT 36
75 SQRTX 48
76 XPY 48
77 DOT 36
78 ERF 24
79 COPY 84
80 XPY 60
81 ERF 24
82 COPY 60
83 ERF 48
84 XPY 60
85 TGAMMA 120
86 XPY 48
87 SUM 108
88 XPY 60
89 TGAMMA 60
90 XPY 60
91 DOT 36
92 DOT 36
93 DOT 36
94 TGAMMA 12
95 ERF 24
96 SQRTX 12
97 SQRTX 12
98 SUM 132
99 TGAMMA 12
DEPS 99
12 13
13 40
40 3
3 14
14 15
15 35
35 43
43 46
46 57
57 85
85 34
34 50
50 51
51 62
62 83
83 5
5 26
26 33
33 24
33 25
24 32
25 47
32 52
47 70
52 79
70 7
7 10
79 41
10 42
41 1
1 27
42 75
27 30
75 49
30 69
49 89
69 2
89 16
2 28
16 31
28 64
31 71
64 98
71 29
29 45
98 55
45 60
55 80
60 84
80 88
84 90
88 22
90 68
22 82
68 58
82 78
58 81
78 95
81 0
95 8
0 18
8 20
18 21
20 44
21 87
44 39
39 63
87 76
63 86
76 17
17 65
86 37
65 19
19 23
37 38
23 48
38 67
48 72
67 74
72 77
74 91
77 92
91 93
92 6
93 36
6 53
36 54
53 59
54 61
59 4
61 9
4 56
9 96
56 97
96 11
11 66
97 73
66 94
73 99
CORES 100
0 4 5
1 0 1
2 0 1
3 0 4 1 5
4 4 5
5 0 4 1 5
6 4 5
7 4 5
8 0 1
9 0 1
10 4 5
11 0 1
12 0 4 1 5
13 0 4 1 5
14 0 4 1 5
15 0 4 1 5
16 4 5
17 4 5
18 4 5
19 4 5
20 0 1
21 4 5
22 0 1
23 4 5
24 0 1
25 4 5
26 0 4 1 5
27 0 1
28 0 1
29 4 5
30 0 1
31 4 5
32 0 1
33 0 4 1 5
34 0 4 1 5
35 0 4 1 5
36 0 1
37 0 1
38 0 1
39 0 1
40 0 4 1 5
41 0 1
42 4 5
43 0 4 1 5
44 0 1
45 4 5
46 0 4 1 5
47 4 5
48 4 5
49 4 5
50 0 4 1 5
51 0 4 1 5
52 0 1
53 4 5
54 0 1
55 0 1
56 4 5
57 0 4 1 5
58 4 5
59 4 5
60 4 5
61 0 1
62 0 4 1 5
63 0 1
64 0 1
65 4 5
66 0 1
67 0 1
68 4 5
69 0 1
70 4 5
71 4 5
72 4 5
73 4 5
74 0 1
75 4 5
76 4 5
77 4 5
78 0 1
79 0 1
80 0 1
81 4 5
82 0 1
83 0 4 1 5
84 4 5
85 0 4 1 5
86 0 1
87 4 5
88 0 1
89 4 5
90 4 5
91 0 1
92 4 5
93 0 1
94 0 1
95 0 1
96 0 1
97 4 5
98 0 1
99 4 5
