JOBS 100
0 DOT 36
1 COPY 84
2 COPY 84
3 DOT 36
4 TGAMMA 120
5 SQRTX 12
6 SUM 84
7 SUM 108
8 SQRTX 48
9 COPY 60
10 SQRTX 12
11 TGAMMA 12
12 SQRTX 12
13 COPY 84
14 DOT 36
15 ERF 12
16 TGAMMA 120
17 POW 24
18 SUM 108
19 ERF 12
20 SUM 84
21 TGAMMA 120
22 DOT 36
23 SQRTX 12
24 SUM 84
25 SQRTX 12
26 TGAMMA 120
27 COPY 84
28 POW 36
29 SQRTX 12
30 TGAMMA 12
31 SUM 84
32 TGAMMA 120
33 ERF 48
34 COPY 60
35 DOT 84
36 SQRTX 48
37 POW 24
38 ERF 48
39 SUM 132
40 DOT 84
41 XPY 48
42 SUM 84
43 POW 12
44 TGAMMA 120
45 POW 36
46 COPY 84
47 XPY 60
48 DOT 84
49 SUM 108
50 SUM 132
51 POW 24
52 COPY 60
53 XPY 48
54 XPY 48
55 ERF 24
56 DOT 36
57 DOT 36
58 DOT 84
59 POW 36
60 SUM 84
61 COPY 84
62 SQRTX 12
63 TGAMMA 120
64 SUM 84
65 COPY 84
66 XPY 60
67 DOT 84
68 POW 36
69 POW 12
70 XPY 48
71 POW 12
72 ERF 24
73 DOT 36
74 ERF 48
75 SUM 84
76 ERF 12
77 ERF 12
78 DOT 84
79 SUM 108
80 SUM 108
81 SUM 108
82 DOT 84
83 POW 36
84 POW 36
85 SUM 132
86 SQRTX 48
87 POW 12
88 COPY 60
89 XPY 48
90 TGAMMA 120
91 ERF 12
92 XPY 48
93 SQRTX 12
94 POW 24
95 ERF 48
96 ERF 12
97 TGAMMA 12
98 DOT 36
99 SUM 108
DEPS 99
28 45
45 59
59 68
68 83
83 84
84 4
4 16
16 21
21 26
26 32
32 44
44 63
63 90
90 33
33 38
38 74
74 95
95 17
17 37
37 51
51 94
94 1
94 2
1 13
2 27
13 46
27 61
46 65
61 35
35 40
65 48
40 58
48 67
58 78
67 82
78 8
82 36
8 86
36 39
86 50
39 85
50 47
85 66
47 9
66 34
9 52
34 88
52 55
55 72
88 7
72 18
7 49
18 79
49 80
79 81
80 99
81 41
99 53
41 54
53 70
54 89
70 92
89 43
43 69
92 71
69 87
71 6
87 20
6 24
20 31
24 42
31 60
42 64
60 75
64 0
75 3
0 14
3 22
14 56
22 57
56 73
57 98
73 15
15 19
98 76
19 77
76 91
77 96
91 5
96 10
5 12
10 23
12 25
23 29
25 62
29 93
62 11
93 30
11 97
CORES 100
0 0 1
1 0 1
2 4 5
3 4 5
4 0 4 1 5
5 4 5
6 0 1
7 0 1
8 4 5
9 4 5
10 0 1
11 4 5
12 4 5
13 0 1
14 0 1
15 0 1
16 0 4 1 5
17 0 4 1 5
18 4 5
19 0 1
20 4 5
21 0 4 1 5
22 4 5
23 0 1
24 0 1
25 4 5
26 0 4 1 5
27 4 5
28 0 4 1 5
29 0 1
30 0 1
31 4 5
32 0 4 1 5
33 0 4 1 5
34 0 1
35 4 5
36 0 1
37 0 4 1 5
38 0 4 1 5
39 0 1
40 4 5
41 4 5
42 0 1
43 4 5
44 0 4 1 5
45 0 4 1 5
46 0 1
47 4 5
48 0 1
49 0 1
50 4 5
51 0 4 1 5
52 4 5
53 0 1
54 4 5
55 4 5
56 0 1
57 4 5
58 4 5
59 0 4 1 5
60 4 5
61 4 5
62 4 5
63 0 4 1 5
64 0 1
65 0 1
66 0 1
67 0 1
68 0 4 1 5
69 4 5
70 0 1
71 0 1
72 4 5
73 0 1
74 0 4 1 5
75 4 5
76 4 5
77 0 1
78 4 5
79 4 5
80 0 1
81 4 5
82 0 1
83 0 4 1 5
84 0 4 1 5
85 0 1
86 4 5
87 4 5
88 0 1
89 4 5
90 0 4 1 5
91 4 5
92 0 1
93 0 1
94 0 4 1 5
95 0 4 1 5
96 0 1
97 4 5
98 4 5
99 0 1
