JOBS 100
0 SUM 108
1 POW 12
2 TGAMMA 120
3 TGAMMA 12
4 ERF 48
5 COPY 84
6 COPY 60
7 ERF 24
8 DOT 36
9 POW 24
10 TGAMMA 12
11 TGAMMA 12
12 DOT 36
13 ERF 24
14 ERF 12
15 ERF 48
16 DOT 84
17 ERF 24
18 TGAMMA 12
19 XPY 60
20 ERF 24
21 POW 12
22 ERF 48
23 SUM 84
24 SUM 84
25 SQRTX 48
26 TGAMMA 12
27 POW 12
28 POW 24
29 COPY 60
30 TGAMMA 12
31 ERF 24
32 ERF 48
33 POW 36
34 ERF 48
35 XPY 60
36 ERF 24
37 TGAMMA 120
38 ERF 12
39 POW 12
40 SQRTX 48
41 POW 24
42 XPY 48
43 POW 36
44 ERF 24
45 POW 24
46 ERF 24
47 POW 36
48 TGAMMA 12
49 XPY 48
50 XPY 60
51 XPY 60
52 TGAMMA 120
53 DOT 84
54 XPY 48
55 POW 36
56 XPY 48
57 SUM 132
58 ERF 48
59 ERF 12
60 POW 12
61 POW 36
62 DOT 36
63 SUM 84
64 TGAMMA 60
65 TGAMMA 120
66 SUM 108
67 DOT 84
68 DOT 36
69 XPY 48
70 TGAMMA 12
71 SUM 84
72 COPY 60
73 SUM 108
74 TGAMMA 12
75 COPY 60
76 SUM 84
77 DOT 84
78 SQRTX 48
79 XPY 60
80 XPY 48
81 POW 24
82 XPY 48
83 POW 36
84 COPY 60
85 DOT 36
86 SQRTX 48
87 XPY 60
88 COPY 84
89 POW 36
90 DOT 36
91 POW 24
92 DOT 84
93 ERF 12
94 COPY 84
95 XPY 60
96 TGAMMA 120
97 POW 12
98 SUM 132
99 TGAMMA 12
DEPS 99
33 43
43 47
47 55
55 61
61 83
83 89
89 2
2 37
37 52
52 65
65 96
96 4
4 15
15 22
22 32
32 34
34 58
58 9
9 28
28 41
41 45
45 81
81 91
91 5
91 88
5 94
88 16
16 53
94 67
53 77
67 92
77 25
92 40
25 78
40 86
78 64
86 57
64 98
57 19
98 35
19 50
35 51
50 79
51 87
79 95
87 6
95 29
6 72
29 75
72 84
75 7
7 13
84 17
13 20
17 31
20 36
31 44
36 46
44 0
46 66
0 73
66 42
73 49
42 54
49 56
54 69
56 80
69 82
80 1
82 21
1 27
21 39
27 60
39 97
60 23
97 24
23 63
24 71
63 76
71 8
8 12
76 62
12 68
62 85
68 90
85 14
14 38
90 59
38 93
59 3
93 10
3 11
10 18
11 26
18 30
26 48
30 70
48 74
70 99
CORES 100
0 4 5
1 4 5
2 0 4 1 5
3 0 1
4 0 4 1 5
5 0 1
6 4 5
7 0 1
8 0 1
9 0 4 1 5
10 4 5
11 0 1
12 0 1
13 0 1
14 4 5
15 0 4 1 5
16 4 5
17 4 5
18 4 5
19 0 1
20 0 1
21 0 1
22 0 4 1 5
23 4 5
24 0 1
25 4 5
26 0 1
27 4 5
28 0 4 1 5
29 0 1
30 4 5
31 4 5
32 0 4 1 5
33 0 4 1 5
34 0 4 1 5
35 4 5
36 0 1
37 0 4 1 5
38 4 5
39 0 1
40 0 1
41 0 4 1 5
42 0 1
43 0 4 1 5
44 4 5
45 0 4 1 5
46 0 1
47 0 4 1 5
48 0 1
49 4 5
50 0 1
51 4 5
52 0 4 1 5
53 4 5
54 0 1
55 0 4 1 5
56 4 5
57 0 1
58 0 4 1 5
59 0 1
60 4 5
61 0 4 1 5
62 4 5
63 4 5
64 4 5
65 0 4 1 5
66 0 1
67 0 1
68 0 1
69 0 1
70 4 5
71 0 1
72 4 5
73 4 5
74 0 1
75 0 1
76 4 5
77 4 5
78 4 5
79 0 1
80 4 5
81 0 4 1 5
82 0 1
83 0 4 1 5
84 4 5
85 4 5
86 0 1
87 4 5
88 4 5
89 0 4 1 5
90 0 1
91 0 4 1 5
92 0 1
93 4 5
94 0 1
95 0 1
96 0 4 1 5
97 0 1
98 4 5
99 4 5
