JOBS 100
0 SQRTX 12
1 XPY 48
2 POW 12
3 XPY 48
4 ERF 12
5 XPY 60
6 COPY 84
7 COPY 60
8 SQRTX 48
9 SQRTX 48
10 TGAMMA 120
11 TGAMMA 60
12 ERF 12
13 SUM 108
14 XPY 48
15 SUM 84
16 ERF 48
17 ERF 24
18 COPY 84
19 COPY 84
20 SQRTX 12
21 SQRTX 12
22 DOT 36
23 ERF 12
24 SUM 108
25 TGAMMA 60
26 XPY 60
27 SQRTX 48
28 COPY 60
29 SUM 84
30 SUM 84
31 SQRTX 12
32 ERF 48
33 XPY 60
34 ERF 24
35 XPY 60
36 POW 12
37 POW 24
38 XPY 60
39 XPY 60
40 TGAMMA 12
41 POW 36
42 XPY 60
43 COPY 60
44 TGAMMA 120
45 DOT 36
46 XPY 60
47 ERF 12
48 TGAMMA 60
49 ERF 12
50 SQRTX 48
51 POW 36
52 SQRTX 48
53 SQRTX 48
54 DOT 84
55 COPY 84
56 ERF 12
57 TGAMMA 12
58 TGAMMA 120
59 TGAMMA 12
60 SUM 84
61 TGAMMA 120
62 POW 12
63 DOT 84
64 POW 24
65 ERF 24
66 SUM 84
67 SUM 132
68 TGAMMA 120
69 ERF 24
70 SUM 84
71 COPY 84
72 ERF 24
73 SQRTX 12
74 XPY 48
75 TGAMMA 12
76 ERF 12
77 COPY 60
78 XPY 48
79 ERF 12
80 SUM 108
81 SQRTX 48
82 ERF 12
83 SUM 132
84 ERF 24
85 ERF 48
86 TGAMMA 120
87 TGAMMA 120
88 COPY 60
89 ERF 12
90 TGAMMA 60
91 SUM 132
92 DOT 36
93 DOT 36
94 DOT 84
95 POW 36
96 XPY 48
97 DOT 36
98 ERF 24
99 SUM 132
DEPS 99
41 51
51 95
95 10
10 44
44 58
58 61
61 68
68 86
86 87
87 16
16 32
32 85
85 37
37 64
64 6
64 18
6 19
18 55
19 71
55 54
54 63
71 94
63 8
94 9
8 27
9 50
27 52
50 53
52 81
53 11
81 25
11 48
25 90
48 67
90 83
67 91
83 99
91 5
99 26
5 33
26 35
33 38
35 39
38 42
39 46
42 7
46 28
7 43
28 77
43 88
77 17
88 34
17 65
34 69
65 72
69 84
72 98
84 13
98 24
13 80
24 1
1 3
80 14
3 74
14 78
74 96
78 2
2 36
96 62
36 15
62 29
15 30
29 60
30 66
60 70
66 22
70 45
22 92
45 93
92 97
93 4
4 12
97 23
12 47
23 49
47 56
49 76
56 79
76 82
79 89
82 0
89 20
0 21
20 31
21 73
31 40
73 57
40 59
57 75
CORES 100
0 0 1
1 4 5
2 0 1
3 4 5
4 4 5
5 0 1
6 0 1
7 0 1
8 4 5
9 0 1
10 0 4 1 5
11 0 1
12 4 5
13 0 1
14 0 1
15 0 1
16 0 4 1 5
17 4 5
18 4 5
19 0 1
20 4 5
21 0 1
22 0 1
23 0 1
24 4 5
25 4 5
26 4 5
27 4 5
28 4 5
29 4 5
30 0 1
31 4 5
32 0 4 1 5
33 0 1
34 0 1
35 4 5
36 0 1
37 0 4 1 5
38 0 1
39 4 5
40 4 5
41 0 4 1 5
42 0 1
43 0 1
44 0 4 1 5
45 4 5
46 4 5
47 4 5
48 0 1
49 0 1
50 0 1
51 0 4 1 5
52 4 5
53 0 1
54 4 5
55 4 5
56 4 5
57 0 1
58 0 4 1 5
59 4 5
60 4 5
61 0 4 1 5
62 4 5
63 4 5
64 0 4 1 5
65 4 5
66 0 1
67 0 1
68 0 4 1 5
69 0 1
70 4 5
71 0 1
72 4 5
73 0 1
74 4 5
75 0 1
76 0 1
77 4 5
78 0 1
79 4 5
80 0 1
81 4 5
82 0 1
83 4 5
84 0 1
85 0 4 1 5
86 0 4 1 5
87 0 4 1 5
88 0 1
89 4 5
90 4 5
91 0 1
92 0 1
93 4 5
94 0 1
95 0 4 1 5
96 4 5
97 0 1
98 4 5
99 4 5
