JOBS 100
0 SUM 108
1 SUM 132
2 POW 12
3 SUM 132
4 DOT 84
5 ERF 24
6 DOT 84
7 TGAMMA 120
8 SUM 132
9 POW 12
10 ERF 12
11 DOT 36
12 XPY 48
13 SUM 132
14 TGAMMA 120
15 ERF 48
16 ERF 12
17 SUM 108
18 POW 36
19 ERF 48
20 POW 12
21 TGAMMA 12
22 SQRTX 12
23 SUM 84
24 SUM 84
25 POW 24
26 TGAMMA 60
27 TGAMMA 12
28 SUM 84
29 ERF 12
30 ERF 24
31 POW 12
32 POW 24
33 ERF 24
34 POW 36
35 SUM 132
36 TGAMMA 120
37 SUM 84
38 SQRTX 12
39 TGAMMA 120
40 SUM 132
41 POW 12
42 DOT 84
43 ERF 48
44 ERF 48
45 ERF 48
46 POW 12
47 SUM 108
48 TGAMMA 60
49 COPY 60
50 COPY 84
51 POW 36
52 COPY 60
53 POW 36
54 TGAMMA 12
55 TGAMMA 60
56 SUM 108
57 TGAMMA 120
58 COPY 84
59 POW 12
60 SQRTX 48
61 TGAMMA 12
62 SUM 84
63 ERF 48
64 SQRTX 12
65 POW 24
66 XPY 48
67 TGAMMA 12
68 ERF 24
69 ERF 24
70 COPY 60
71 DOT 84
72 COPY 84
73 SQRTX 48
74 SQRTX 48
75 COPY 60
76 TGAMMA 60
77 ERF 48
78 SUM 108
79 SUM 108
80 POW 36
81 SUM 84
82 ERF 12
83 ERF 24
84 XPY 48
85 POW 36
86 TGAMMA 12
87 ERF 24
88 TGAMMA 120
89 COPY 84
90 SUM 132
91 SQRTX 48
92 XPY 60
93 COPY 84
94 TGAMMA 12
95 POW 24
96 SQRTX 12
97 ERF 24
98 XPY 48
99 XPY 48
DEPS 99
18 34
34 51
51 53
53 80
80 85
85 7
7 14
14 36
36 39
39 57
57 88
88 15
15 19
19 43
43 44
44 45
45 63
63 77
77 25
25 32
32 65
65 95
95 50
95 58
50 72
58 89
72 93
89 4
4 6
93 42
6 71
42 60
60 73
71 74
73 91
74 26
91 48
26 55
48 76
55 1
76 3
1 8
3 13
8 35
13 40
35 90
40 92
90 49
92 52
49 70
52 75
70 5
75 30
5 33
30 68
33 69
68 83
69 87
83 97
87 0
97 17
0 47
17 56
47 78
56 79
78 12
79 66
12 84
66 98
84 99
98 2
99 9
2 20
9 31
20 41
31 46
41 59
46 23
59 24
23 28
24 37
28 62
37 81
62 11
81 10
10 16
11 29
16 82
29 22
82 38
22 64
38 96
64 21
96 27
21 54
27 61
54 67
61 86
67 94
CORES 100
0 4 5
1 4 5
2 0 1
3 0 1
4 4 5
5 4 5
6 4 5
7 0 4 1 5
8 4 5
9 4 5
10 0 1
11 4 5
12 4 5
13 0 1
14 0 4 1 5
15 0 4 1 5
16 0 1
17 0 1
18 0 4 1 5
19 0 4 1 5
20 0 1
21 4 5
22 4 5
23 4 5
24 0 1
25 0 4 1 5
26 4 5
27 0 1
28 4 5
29 4 5
30 0 1
31 4 5
32 0 4 1 5
33 4 5
34 0 4 1 5
35 4 5
36 0 4 1 5
37 0 1
38 0 1
39 0 4 1 5
40 0 1
41 0 1
42 0 1
43 0 4 1 5
44 0 4 1 5
45 0 4 1 5
46 4 5
47 4 5
48 0 1
49 4 5
50 0 1
51 0 4 1 5
52 0 1
53 0 4 1 5
54 4 5
55 4 5
56 0 1
57 0 4 1 5
58 4 5
59 0 1
60 0 1
61 0 1
62 4 5
63 0 4 1 5
64 4 5
65 0 4 1 5
66 0 1
67 4 5
68 0 1
69 4 5
70 4 5
71 4 5
72 0 1
73 0 1
74 4 5
75 0 1
76 0 1
77 0 4 1 5
78 4 5
79 0 1
80 0 4 1 5
81 0 1
82 0 1
83 0 1
84 4 5
85 0 4 1 5
86 0 1
87 4 5
88 0 4 1 5
89 4 5
90 4 5
91 0 1
92 0 1
93 0 1
94 4 5
95 0 4 1 5
96 0 1
97 0 1
98 0 1
99 4 5
