JOBS 100
0 ERF 24
1 DOT 84
2 XPY 60
3 SUM 84
4 ERF 24
5 SUM 108
6 SUM 108
7 TGAMMA 60
8 TGAMMA 120
9 POW 24
10 DOT 36
11 DOT 36
12 SQRTX 48
13 POW 12
14 SQRTX 48
15 POW 12
16 SQRTX 48
17 ERF 24
18 DOT 84
19 ERF 12
20 COPY 60
21 DOT 84
22 SUM 132
23 POW 24
24 DOT 84
25 COPY 84
26 ERF 24
27 TGAMMA 60
28 XPY 48
29 SUM 132
30 ERF 24
31 SQRTX 48
32 ERF 24
33 SUM 108
34 TGAMMA 12
35 XPY 48
36 POW 12
37 POW 24
38 POW 24
39 SUM 84
40 TGAMMA 120
41 SUM 108
42 DOT 84
43 TGAMMA 12
44 SQRTX 12
45 POW 36
46 XPY 48
47 SQRTX 12
48 TGAMMA 12
49 DOT 84
50 POW 24
51 COPY 60
52 TGAMMA 60
53 SQRTX 48
54 COPY 60
55 ERF 24
56 POW 24
57 TGAMMA 120
58 COPY 84
59 DOT 84
60 TGAMMA 12
61 TGAMMA 120
62 POW 12
63 COPY 84
64 POW 36
65 POW 36
66 TGAMMA 60
67 TGAMMA 120
68 SQRTX 12
69 TGAMMA 120
70 ERF 24
71 COPY 84
72 POW 24
73 ERF 12
74 POW 24
75 POW 24
76 SUM 132
77 COPY 60
78 SUM 108
79 POW 24
80 COPY 60
81 POW 36
82 DOT 84
83 DOT 36
84 XPY 48
85 POW 24
86 ERF 12
87 SUM 84
88 TGAMMA 60
89 TGAMMA 120
90 XPY 48
91 SQRTX 48
92 DOT 84
93 SQRTX 12
94 TGAMMA 120
95 DOT 84
96 ERF 12
97 SQRTX 48
98 SQRTX 48
99 XPY 60
DEPS 100
45 64
64 65
65 81
81 8
8 40
40 57
57 61
61 67
67 69
69 89
89 94
94 9
9 23
23 37
37 38
38 50
50 56
56 72
72 74
74 75
75 79
79 85
85 25
85 58
25 63
58 71
63 1
71 1
1 18
18 21
21 24
24 42
42 49
49 59
59 82
82 92
92 95
95 12
12 14
14 16
16 31
31 53
53 91
91 97
97 98
98 7
7 27
27 52
52 66
66 88
88 22
22 29
29 76
76 2
2 99
99 20
99 51
20 54
51 77
54 80
77 0
0 4
80 17
4 26
17 30
26 32
30 55
32 70
55 5
70 6
5 33
6 41
33 78
41 28
28 35
78 46
35 84
46 90
84 13
90 15
13 36
15 62
36 3
62 39
3 87
39 10
87 11
10 83
11 19
83 73
19 86
73 96
86 44
96 47
44 68
47 93
68 34
93 43
34 48
43 60
CORES 100
0 4 5
1 0 4 1 5
2 0 4 1 5
3 4 5
4 4 5
5 0 1
6 4 5
7 0 4 1 5
8 0 4 1 5
9 0 4 1 5
10 0 1
11 4 5
12 0 4 1 5
13 4 5
14 0 4 1 5
15 0 1
16 0 4 1 5
17 0 1
18 0 4 1 5
19 4 5
20 0 1
21 0 4 1 5
22 0 4 1 5
23 0 4 1 5
24 0 4 1 5
25 0 1
26 4 5
27 0 4 1 5
28 4 5
29 0 4 1 5
30 0 1
31 0 4 1 5
32 4 5
33 0 1
34 4 5
35 4 5
36 4 5
37 0 4 1 5
38 0 4 1 5
39 0 1
40 0 4 1 5
41 4 5
42 0 4 1 5
43 0 1
44 4 5
45 0 4 1 5
46 0 1
47 0 1
48 4 5
49 0 4 1 5
50 0 4 1 5
51 4 5
52 0 4 1 5
53 0 4 1 5
54 0 1
55 0 1
56 0 4 1 5
57 0 4 1 5
58 4 5
59 0 4 1 5
60 0 1
61 0 4 1 5
62 0 1
63 0 1
64 0 4 1 5
65 0 4 1 5
66 0 4 1 5
67 0 4 1 5
68 4 5
69 0 4 1 5
70 4 5
71 4 5
72 0 4 1 5
73 0 1
74 0 4 1 5
75 0 4 1 5
76 0 4 1 5
77 4 5
78 0 1
79 0 4 1 5
80 0 1
81 0 4 1 5
82 0 4 1 5
83 0 1
84 4 5
85 0 4 1 5
86 4 5
87 4 5
88 0 4 1 5
89 0 4 1 5
90 0 1
91 0 4 1 5
92 0 4 1 5
93 0 1
94 0 4 1 5
95 0 4 1 5
96 0 1
97 0 4 1 5
98 0 4 1 5
99 0 4 1 5
