JOBS 100
0 COPY 60
1 POW 24
2 XPY 48
3 POW 24
4 DOT 84
5 TGAMMA 120
6 ERF 24
7 ERF 48
8 ERF 48
9 ERF 48
10 SUM 84
11 COPY 84
12 POW 12
13 TGAMMA 12
14 SQRTX 48
15 POW 24
16 TGAMMA 60
17 ERF 12
18 ERF 24
19 SUM 108
20 DOT 84
21 DOT 84
22 XPY 48
23 POW 24
24 ERF 12
25 ERF 12
26 DOT 36
27 DOT 84
28 SQRTX 48
29 POW 36
30 TGAMMA 60
31 SUM 108
32 DOT 36
33 POW 12
34 DOT 84
35 COPY 60
36 DOT 36
37 POW 36
38 TGAMMA 120
39 POW 24
40 SQRTX 12
41 POW 24
42 SUM 84
43 TGAMMA 60
44 SUM 132
45 POW 24
46 COPY 60
47 XPY 60
48 SQRTX 12
49 XPY 60
50 TGAMMA 60
51 SUM 132
52 SQRTX 12
53 XPY 48
54 TGAMMA 12
55 COPY 84
56 POW 12
57 POW 24
58 XPY 60
59 XPY 60
60 TGAMMA 60
61 COPY 84
62 SQRTX 48
63 TGAMMA 120
64 SQRTX 12
65 POW 12
66 POW 24
67 SUM 108
68 POW 12
69 SQRTX 48
70 ERF 48
71 TGAMMA 120
72 TGAMMA 60
73 SUM 84
74 TGAMMA 60
75 XPY 60
76 ERF 48
77 ERF 12
78 POW 36
79 TGAMMA 60
80 XPY 60
81 TGAMMA 60
82 SQRTX 48
83 DOT 84
84 POW 12
85 COPY 60
86 ERF 24
87 TGAMMA 60
88 SQRTX 48
89 COPY 60
90 ERF 12
91 COPY 60
92 TGAMMA 120
93 DOT 84
94 SUM 108
95 SQRTX 48
96 DOT 36
97 ERF 12
98 XPY 60
99 ERF 48
DEPS 99
29 37
37 78
78 5
5 38
38 63
63 71
71 92
92 7
7 8
8 9
9 70
70 76
76 99
99 1
1 3
3 15
15 23
23 39
39 41
41 45
45 57
57 66
66 11
66 55
11 61
55 4
4 20
61 21
20 27
21 34
27 83
34 93
83 14
93 28
14 62
28 69
62 82
69 88
82 95
88 16
95 30
16 43
30 50
43 60
50 72
60 74
72 79
74 81
79 87
81 44
87 51
44 47
51 49
47 58
49 59
58 75
59 80
75 98
80 0
98 35
0 46
35 85
46 89
85 91
89 6
91 18
6 86
18 19
86 31
19 67
31 94
67 2
94 22
2 53
22 12
53 33
12 56
33 65
56 68
65 84
68 10
84 42
10 73
42 26
73 32
26 36
32 96
36 17
17 24
96 25
24 77
25 90
77 97
90 40
40 48
97 52
48 64
52 13
13 54
CORES 100
0 4 5
1 0 4 1 5
2 0 1
3 0 4 1 5
4 4 5
5 0 4 1 5
6 4 5
7 0 4 1 5
8 0 4 1 5
9 0 4 1 5
10 4 5
11 0 1
12 4 5
13 0 1
14 4 5
15 0 4 1 5
16 0 1
17 0 1
18 0 1
19 0 1
20 4 5
21 0 1
22 4 5
23 0 4 1 5
24 0 1
25 4 5
26 0 1
27 4 5
28 0 1
29 0 4 1 5
30 4 5
31 4 5
32 4 5
33 0 1
34 0 1
35 0 1
36 0 1
37 0 4 1 5
38 0 4 1 5
39 0 4 1 5
40 4 5
41 0 4 1 5
42 0 1
43 0 1
44 0 1
45 0 4 1 5
46 4 5
47 0 1
48 4 5
49 4 5
50 4 5
51 4 5
52 0 1
53 0 1
54 0 1
55 4 5
56 4 5
57 0 4 1 5
58 0 1
59 4 5
60 0 1
61 0 1
62 4 5
63 0 4 1 5
64 4 5
65 0 1
66 0 4 1 5
67 0 1
68 4 5
69 0 1
70 0 4 1 5
71 0 4 1 5
72 4 5
73 4 5
74 0 1
75 0 1
76 0 4 1 5
77 0 1
78 0 4 1 5
79 4 5
80 4 5
81 0 1
82 4 5
83 4 5
84 0 1
85 0 1
86 4 5
87 4 5
88 0 1
89 4 5
90 4 5
91 0 1
92 0 4 1 5
93 0 1
94 4 5
95 4 5
96 4 5
97 0 1
98 0 1
99 0 4 1 5
