JOBS 100
0 ERF 24
1 TGAMMA 60
2 SUM 132
3 TGAMMA 12
4 SUM 132
5 SQRTX 48
6 ERF 48
7 POW 36
8 DOT 36
9 COPY 84
10 XPY 60
11 COPY 60
12 SUM 84
13 TGAMMA 12
14 TGAMMA 12
15 SUM 84
16 DOT 84
17 TGAMMA 120
18 TGAMMA 12
19 SUM 108
20 COPY 60
21 SUM 84
22 POW 24
23 ERF 12
24 COPY 60
25 TGAMMA 60
26 ERF 12
27 DOT 84
28 SQRTX 48
29 COPY 60
30 TGAMMA 12
31 TGAMMA 12
32 ERF 24
33 TGAMMA 12
34 ERF 12
35 ERF 12
36 POW 36
37 ERF 12
38 XPY 48
39 COPY 60
40 ERF 12
41 ERF 48
42 TGAMMA 12
43 SUM 84
44 ERF 12
45 COPY 84
46 XPY 60
47 XPY 48
48 TGAMMA 12
49 POW 36
50 TGAMMA 60
51 ERF 24
52 SQRTX 48
53 SQRTX 12
54 ERF 12
55 SUM 132
56 POW 36
57 TGAMMA 60
58 SUM 108
59 TGAMMA 60
60 DOT 84
61 SQRTX 48
62 XPY 60
63 TGAMMA 12
64 TGAMMA 120
65 SUM 108
66 ERF 24
67 SUM 84
68 POW 12
69 SQRTX 12
70 XPY 60
71 SUM 132
72 SQRTX 12
73 SQRTX 12
74 POW 24
75 SQRTX 48
76 TGAMMA 120
77 SQRTX 12
78 TGAMMA 120
79 ERF 48
80 SQRTX 12
81 TGAMMA 60
82 POW 12
83 SQRTX 12
84 TGAMMA 12
85 ERF 12
86 TGAMMA 120
87 ERF 24
88 POW 12
89 XPY 60
90 SQRTX 12
91 SQRTX 12
92 SQRTX 48
93 COPY 84
94 POW 36
95 TGAMMA 60
96 ERF 48
97 COPY 84
98 SUM 132
99 ERF 24
DEPS 100
7 36
36 49
49 56
56 94
94 17
17 64
64 76
76 78
78 86
86 6
6 41
41 79
79 96
96 22
22 74
74 9
74 45
9 93
45 97
93 16
97 16
16 27
27 60
60 5
5 28
28 52
52 61
61 75
75 92
92 1
1 25
25 50
50 57
57 59
59 81
81 95
95 2
2 4
4 55
55 71
71 98
98 10
10 46
46 62
62 70
70 89
89 11
89 20
11 24
20 29
24 39
29 0
0 32
39 51
32 66
51 87
66 99
87 19
99 58
19 65
58 38
38 47
65 68
68 82
47 88
82 12
88 15
12 21
15 43
21 67
43 8
8 23
67 26
23 34
26 35
34 37
35 40
37 44
40 54
44 85
54 53
85 69
53 72
69 73
72 77
73 80
77 83
80 90
83 91
90 3
91 13
3 14
13 18
14 30
18 31
30 33
31 42
33 48
42 63
48 84
CORES 100
0 4 5
1 0 4 1 5
2 0 4 1 5
3 4 5
4 0 4 1 5
5 0 4 1 5
6 0 4 1 5
7 0 4 1 5
8 4 5
9 0 1
10 0 4 1 5
11 0 1
12 0 1
13 0 1
14 4 5
15 4 5
16 0 4 1 5
17 0 4 1 5
18 0 1
19 0 1
20 4 5
21 0 1
22 0 4 1 5
23 4 5
24 0 1
25 0 4 1 5
26 0 1
27 0 4 1 5
28 0 4 1 5
29 4 5
30 4 5
31 0 1
32 4 5
33 4 5
34 4 5
35 0 1
36 0 4 1 5
37 4 5
38 4 5
39 0 1
40 0 1
41 0 4 1 5
42 0 1
43 4 5
44 4 5
45 4 5
46 0 4 1 5
47 4 5
48 4 5
49 0 4 1 5
50 0 4 1 5
51 0 1
52 0 4 1 5
53 0 1
54 0 1
55 0 4 1 5
56 0 4 1 5
57 0 4 1 5
58 4 5
59 0 4 1 5
60 0 4 1 5
61 0 4 1 5
62 0 4 1 5
63 0 1
64 0 4 1 5
65 0 1
66 4 5
67 0 1
68 0 1
69 4 5
70 0 4 1 5
71 0 4 1 5
72 0 1
73 4 5
74 0 4 1 5
75 0 4 1 5
76 0 4 1 5
77 0 1
78 0 4 1 5
79 0 4 1 5
80 4 5
81 0 4 1 5
82 0 1
83 0 1
84 4 5
85 4 5
86 0 4 1 5
87 0 1
88 4 5
89 0 4 1 5
90 4 5
91 0 1
92 0 4 1 5
93 0 1
94 0 4 1 5
95 0 4 1 5
96 0 4 1 5
97 4 5
98 0 4 1 5
99 4 5
