JOBS 100
0 ERF 24
1 DOT 36
2 SUM 132
3 COPY 60
4 ERF 48
5 ERF 24
6 TGAMMA 12
7 DOT 84
8 ERF 12
9 ERF 12
10 ERF 12
11 SUM 84
12 ERF 48
13 COPY 60
14 SUM 132
15 SUM 84
16 COPY 84
17 XPY 60
18 SQRTX 48
19 SUM 132
20 ERF 24
21 XPY 48
22 SQRTX 12
23 SUM 108
24 COPY 60
25 POW 24
26 XPY 60
27 SUM 108
28 SUM 108
29 SUM 132
30 ERF 48
31 COPY 84
32 SQRTX 48
33 SQRTX 12
34 TGAMMA 60
35 POW 12
36 TGAMMA 120
37 XPY 48
38 ERF 24
39 TGAMMA 12
40 POW 12
41 TGAMMA 12
42 POW 36
43 ERF 24
44 ERF 24
45 COPY 60
46 SUM 108
47 ERF 24
48 SQRTX 48
49 ERF 24
50 ERF 12
51 DOT 84
52 ERF 12
53 ERF 24
54 TGAMMA 12
55 ERF 48
56 SUM 84
57 POW 24
58 SQRTX 48
59 POW 36
60 COPY 60
61 SUM 84
62 XPY 60
63 TGAMMA 60
64 ERF 12
65 XPY 60
66 ERF 24
67 DOT 36
68 COPY 84
69 TGAMMA 60
70 POW 12
71 TGAMMA 12
72 DOT 36
73 TGAMMA 60
74 ERF 12
75 SQRTX 12
76 ERF 12
77 XPY 48
78 TGAMMA 12
79 XPY 48
80 COPY 60
81 TGAMMA 60
82 TGAMMA 12
83 ERF 12
84 POW 24
85 TGAMMA 12
86 TGAMMA 120
87 ERF 24
88 TGAMMA 12
89 ERF 48
90 XPY 48
91 COPY 84
92 COPY 84
93 POW 36
94 XPY 60
95 DOT 84
96 SUM 84
97 POW 12
98 TGAMMA 60
99 TGAMMA 12
DEPS 99
42 59
59 93
93 36
36 86
86 4
4 12
12 30
30 55
55 89
89 25
25 57
57 84
84 16
84 31
16 68
31 91
68 92
91 7
7 51
92 95
51 18
95 32
18 48
32 58
48 34
58 63
34 69
63 73
69 81
73 98
81 2
98 14
2 19
14 29
19 17
29 26
17 62
26 65
62 94
65 3
94 13
3 24
13 45
24 60
45 80
60 0
0 5
80 20
5 38
20 43
38 44
43 47
44 49
47 53
49 66
53 87
66 23
87 27
23 28
27 46
28 21
46 37
21 77
37 79
77 90
79 35
35 40
90 70
40 97
70 11
97 15
11 56
15 61
56 96
61 1
96 67
1 72
67 8
72 9
8 10
9 50
10 52
50 64
52 74
64 76
74 83
76 22
22 33
83 75
33 6
75 39
6 41
39 54
41 71
54 78
71 82
78 85
82 88
85 99
CORES 100
0 0 1
1 4 5
2 4 5
3 0 1
4 0 4 1 5
5 0 1
6 4 5
7 4 5
8 0 1
9 4 5
10 0 1
11 0 1
12 0 4 1 5
13 4 5
14 0 1
15 4 5
16 0 1
17 4 5
18 4 5
19 4 5
20 4 5
21 0 1
22 4 5
23 0 1
24 0 1
25 0 4 1 5
26 0 1
27 4 5
28 0 1
29 0 1
30 0 4 1 5
31 4 5
32 0 1
33 4 5
34 4 5
35 4 5
36 0 4 1 5
37 4 5
38 0 1
39 0 1
40 4 5
41 4 5
42 0 4 1 5
43 4 5
44 0 1
45 4 5
46 4 5
47 4 5
48 4 5
49 0 1
50 4 5
51 4 5
52 0 1
53 4 5
54 0 1
55 0 4 1 5
56 0 1
57 0 4 1 5
58 0 1
59 0 4 1 5
60 0 1
61 4 5
62 4 5
63 0 1
64 4 5
65 0 1
66 0 1
67 0 1
68 0 1
69 4 5
70 0 1
71 4 5
72 4 5
73 0 1
74 0 1
75 0 1
76 4 5
77 0 1
78 0 1
79 4 5
80 4 5
81 4 5
82 4 5
83 0 1
84 0 4 1 5
85 0 1
86 0 4 1 5
87 4 5
88 4 5
89 0 4 1 5
90 0 1
91 4 5
92 0 1
93 0 4 1 5
94 4 5
95 0 1
96 0 1
97 4 5
98 0 1
99 0 1
