JOBS 100
0 COPY 60
1 COPY 60
2 SUM 132
3 SUM 108
4 DOT 84
5 XPY 60
6 DOT 84
7 SQRTX 12
8 COPY 60
9 SUM 108
10 DOT 84
11 TGAMMA 60
12 TGAMMA 12
13 ERF 24
14 SQRTX 12
15 SUM 108
16 ERF 48
17 TGAMMA 60
18 SQRTX 48
19 COPY 84
20 ERF 48
21 ERF 24
22 SQRTX 48
23 SUM 84
24 DOT 36
25 XPY 48
26 XPY 60
27 POW 12
28 TGAMMA 60
29 SQRTX 48
30 POW 12
31 SUM 108
32 COPY 84
33 SUM 108
34 TGAMMA 120
35 ERF 12
36 POW 12
37 POW 24
38 ERF 48
39 SQRTX 48
40 SQRTX 12
41 TGAMMA 12
42 SUM 108
43 COPY 60
44 SUM 108
45 ERF 12
46 POW 36
47 SQRTX 48
48 ERF 24
49 DOT 36
50 POW 24
51 POW 36
52 XPY 60
53 DOT 84
54 SUM 84
55 ERF 12
56 XPY 48
57 POW 24
58 TGAMMA 60
59 TGAMMA 12
60 SUM 132
61 ERF 24
62 XPY 60
63 SUM 132
64 XPY 48
65 SUM 84
66 SUM 108
67 POW 12
68 ERF 48
69 ERF 48
70 COPY 84
71 DOT 84
72 TGAMMA 60
73 ERF 12
74 POW 24
75 SUM 132
76 SUM 132
77 TGAMMA 120
78 POW 12
79 TGAMMA 12
80 SUM 84
81 TGAMMA 60
82 SUM 108
83 POW 12
84 TGAMMA 12
85 SUM 84
86 SUM 84
87 POW 36
88 TGAMMA 60
89 XPY 60
90 TGAMMA 12
91 COPY 60
92 DOT 36
93 XPY 60
94 ERF 12
95 SUM 84
96 POW 24
97 DOT 36
98 ERF 12
99 DOT 36
DEPS 99
46 51
51 87
87 34
34 77
77 16
16 20
20 38
38 68
68 69
69 37
37 50
50 57
57 74
74 96
96 19
96 32
19 70
32 4
4 6
70 10
6 53
10 71
53 18
71 22
18 29
22 39
29 47
39 11
47 17
11 28
17 58
28 72
58 81
72 88
81 2
88 60
2 63
60 75
63 76
75 5
5 26
76 52
26 62
52 89
62 93
89 0
93 1
0 8
1 43
8 91
43 13
91 21
13 48
21 61
48 3
61 9
3 15
9 31
15 33
31 42
33 44
42 66
44 82
66 25
82 56
25 64
56 27
64 30
27 36
30 67
36 78
67 83
78 23
83 54
23 65
54 80
65 85
80 86
85 95
86 24
24 49
95 92
49 97
92 99
97 35
99 45
35 55
45 73
55 94
73 98
94 7
98 14
7 40
14 12
40 41
12 59
41 79
59 84
79 90
CORES 100
0 4 5
1 0 1
2 4 5
3 0 1
4 4 5
5 0 1
6 4 5
7 4 5
8 4 5
9 4 5
10 0 1
11 0 1
12 0 1
13 0 1
14 0 1
15 0 1
16 0 4 1 5
17 4 5
18 4 5
19 0 1
20 0 4 1 5
21 4 5
22 0 1
23 0 1
24 4 5
25 4 5
26 0 1
27 0 1
28 0 1
29 4 5
30 4 5
31 4 5
32 4 5
33 0 1
34 0 4 1 5
35 4 5
36 0 1
37 0 4 1 5
38 0 4 1 5
39 0 1
40 4 5
41 4 5
42 4 5
43 0 1
44 0 1
45 0 1
46 0 4 1 5
47 4 5
48 0 1
49 4 5
50 0 4 1 5
51 0 4 1 5
52 4 5
53 4 5
54 4 5
55 4 5
56 0 1
57 0 4 1 5
58 4 5
59 0 1
60 0 1
61 4 5
62 0 1
63 4 5
64 4 5
65 0 1
66 4 5
67 4 5
68 0 4 1 5
69 0 4 1 5
70 0 1
71 0 1
72 0 1
73 0 1
74 0 4 1 5
75 0 1
76 4 5
77 0 4 1 5
78 0 1
79 4 5
80 4 5
81 4 5
82 0 1
83 4 5
84 0 1
85 0 1
86 4 5
87 0 4 1 5
88 0 1
89 4 5
90 4 5
91 4 5
92 0 1
93 0 1
94 4 5
95 0 1
96 0 4 1 5
97 4 5
98 0 1
99 0 1
