JOBS 100
0 TGAMMA 12
1 COPY 84
2 XPY 60
3 COPY 84
4 TGAMMA 60
5 SQRTX 48
6 SUM 108
7 TGAMMA 60
8 SQRTX 48
9 XPY 60
10 POW 12
11 COPY 60
12 POW 24
13 TGAMMA 120
14 SUM 84
15 ERF 24
16 POW 24
17 ERF 24
18 POW 12
19 ERF 24
20 POW 12
21 DOT 36
22 ERF 48
23 XPY 60
24 ERF 48
25 POW 36
26 XPY 48
27 POW 12
28 XPY 60
29 SUM 84
30 ERF 48
31 TGAMMA 12
32 TGAMMA 12
33 TGAMMA 60
34 POW 36
35 DOT 84
36 ERF 24
37 TGAMMA 120
38 SQRTX 48
39 DOT 36
40 XPY 48
41 XPY 48
42 TGAMMA 12
43 POW 12
44 COPY 60
45 DOT 84
46 TGAMMA 12
47 SUM 132
48 POW 12
49 POW 24
50 POW 36
51 SUM 132
52 POW 24
53 SQRTX 48
54 TGAMMA 12
55 ERF 12
56 ERF 24
57 SUM 84
58 SQRTX 48
59 SQRTX 48
60 ERF 12
61 TGAMMA 60
62 TGAMMA 12
63 SUM 108
64 POW 12
65 XPY 60
66 XPY 60
67 ERF 24
68 TGAMMA 60
69 XPY 60
70 SUM 84
71 POW 12
72 ERF 24
73 POW 36
74 DOT 84
75 ERF 24
76 ERF 48
77 SQRTX 48
78 COPY 84
79 POW 24
80 COPY 84
81 DOT 36
82 DOT 36
83 SQRTX 48
84 TGAMMA 12
85 SUM 132
86 SQRTX 12
87 ERF 48
88 XPY 60
89 TGAMMA 60
90 POW 24
91 SQRTX 48
92 SQRTX 48
93 SUM 132
94 SQRTX 48
95 POW 36
96 ERF 48
97 TGAMMA 12
98 SUM 84
99 SUM 84
DEPS 101
25 34
34 50
50 73
73 95
95 13
13 37
37 22
22 24
24 30
30 76
76 87
87 96
96 12
12 16
16 49
49 52
52 79
79 90
90 1
90 3
1 78
3 80
78 35
80 35
35 45
45 74
74 5
5 8
8 38
38 53
53 58
58 59
59 77
77 83
83 91
91 92
92 94
94 4
4 7
7 33
33 61
61 68
68 89
89 47
47 51
51 85
85 93
93 2
2 9
9 23
23 28
28 65
65 66
66 69
69 88
88 11
88 44
11 15
44 15
15 17
17 19
19 36
36 56
56 67
67 72
72 75
75 6
6 63
63 26
26 40
40 41
41 10
10 18
18 20
20 27
27 43
43 48
48 64
64 71
71 14
14 29
29 57
57 70
70 98
98 99
99 21
21 39
39 81
81 82
82 55
55 60
60 86
86 0
0 31
31 32
32 42
42 46
46 54
54 62
62 84
84 97
CORES 100
0 0 4 1 5
1 0 1
2 0 4 1 5
3 4 5
4 0 4 1 5
5 0 4 1 5
6 0 4 1 5
7 0 4 1 5
8 0 4 1 5
9 0 4 1 5
10 0 4 1 5
11 0 1
12 0 4 1 5
13 0 4 1 5
14 0 4 1 5
15 0 4 1 5
16 0 4 1 5
17 0 4 1 5
18 0 4 1 5
19 0 4 1 5
20 0 4 1 5
21 0 4 1 5
22 0 4 1 5
23 0 4 1 5
24 0 4 1 5
25 0 4 1 5
26 0 4 1 5
27 0 4 1 5
28 0 4 1 5
29 0 4 1 5
30 0 4 1 5
31 0 4 1 5
32 0 4 1 5
33 0 4 1 5
34 0 4 1 5
35 0 4 1 5
36 0 4 1 5
37 0 4 1 5
38 0 4 1 5
39 0 4 1 5
40 0 4 1 5
41 0 4 1 5
42 0 4 1 5
43 0 4 1 5
44 4 5
45 0 4 1 5
46 0 4 1 5
47 0 4 1 5
48 0 4 1 5
49 0 4 1 5
50 0 4 1 5
51 0 4 1 5
52 0 4 1 5
53 0 4 1 5
54 0 4 1 5
55 0 4 1 5
56 0 4 1 5
57 0 4 1 5
58 0 4 1 5
59 0 4 1 5
60 0 4 1 5
61 0 4 1 5
62 0 4 1 5
63 0 4 1 5
64 0 4 1 5
65 0 4 1 5
66 0 4 1 5
67 0 4 1 5
68 0 4 1 5
69 0 4 1 5
70 0 4 1 5
71 0 4 1 5
72 0 4 1 5
73 0 4 1 5
74 0 4 1 5
75 0 4 1 5
76 0 4 1 5
77 0 4 1 5
78 0 1
79 0 4 1 5
80 4 5
81 0 4 1 5
82 0 4 1 5
83 0 4 1 5
84 0 4 1 5
85 0 4 1 5
86 0 4 1 5
87 0 4 1 5
88 0 4 1 5
89 0 4 1 5
90 0 4 1 5
91 0 4 1 5
92 0 4 1 5
93 0 4 1 5
94 0 4 1 5
95 0 4 1 5
96 0 4 1 5
97 0 4 1 5
98 0 4 1 5
99 0 4 1 5
