JOBS 100
0 SUM 132
1 TGAMMA 120
2 DOT 84
3 POW 24
4 SUM 108
5 SQRTX 12
6 SQRTX 12
7 TGAMMA 60
8 TGAMMA 60
9 DOT 36
10 SUM 132
11 ERF 12
12 DOT 84
13 ERF 12
14 POW 24
15 COPY 84
16 POW 24
17 XPY 60
18 POW 24
19 SQRTX 12
20 TGAMMA 120
21 XPY 60
22 DOT 36
23 DOT 36
24 TGAMMA 12
25 XPY 48
26 POW 24
27 ERF 24
28 COPY 84
29 TGAMMA 12
30 ERF 48
31 TGAMMA 60
32 TGAMMA 120
33 DOT 36
34 TGAMMA 60
35 DOT 84
36 POW 36
37 ERF 48
38 TGAMMA 120
39 XPY 60
40 SUM 132
41 TGAMMA 120
42 ERF 24
43 XPY 60
44 XPY 48
45 XPY 48
46 POW 24
47 TGAMMA 120
48 XPY 60
49 TGAMMA 60
50 POW 12
51 COPY 60
52 ERF 24
53 SQRTX 48
54 TGAMMA 60
55 XPY 48
56 SUM 84
57 ERF 12
58 COPY 84
59 SQRTX 12
60 TGAMMA 120
61 SUM 132
62 COPY 60
63 ERF 12
64 TGAMMA 60
65 XPY 48
66 ERF 24
67 ERF 12
68 XPY 48
69 COPY 60
70 SQRTX 12
71 COPY 84
72 ERF 24
73 DOT 84
74 ERF 48
75 POW 12
76 XPY 60
77 XPY 60
78 DOT 84
79 ERF 48
80 XPY 60
81 COPY 84
82 ERF 12
83 TGAMMA 120
84 SUM 132
85 ERF 48
86 POW 12
87 COPY 60
88 COPY 84
89 SUM 108
90 XPY 60
91 ERF 48
92 XPY 48
93 POW 12
94 SUM 84
95 SUM 84
96 SQRTX 48
97 XPY 60
98 POW 24
99 TGAMMA 60
DEPS 101
36 1
1 20
20 32
32 38
38 41
41 47
47 60
60 83
83 30
30 37
37 74
74 79
79 85
85 91
91 3
3 14
14 16
16 18
18 26
26 46
46 98
98 15
98 28
15 58
28 71
58 81
71 88
81 2
88 2
2 12
12 35
35 73
73 78
78 53
53 96
96 7
7 8
8 31
31 34
34 49
49 54
54 64
64 99
99 0
0 10
10 40
40 61
61 84
84 17
17 21
21 39
39 43
43 48
48 76
76 77
77 80
80 90
90 97
97 51
97 62
51 69
62 87
69 27
87 27
27 42
42 52
52 66
66 72
72 4
4 89
89 25
25 44
44 45
45 55
55 65
65 68
68 92
92 50
50 75
75 86
86 93
93 56
56 94
94 95
95 9
9 22
22 23
23 33
33 11
11 13
13 57
57 63
63 67
67 82
82 5
5 6
6 19
19 59
59 70
70 24
24 29
CORES 100
0 0 4 1 5
1 0 4 1 5
2 0 4 1 5
3 0 4 1 5
4 0 4 1 5
5 0 4 1 5
6 0 4 1 5
7 0 4 1 5
8 0 4 1 5
9 0 4 1 5
10 0 4 1 5
11 0 4 1 5
12 0 4 1 5
13 0 4 1 5
14 0 4 1 5
15 0 1
16 0 4 1 5
17 0 4 1 5
18 0 4 1 5
19 0 4 1 5
20 0 4 1 5
21 0 4 1 5
22 0 4 1 5
23 0 4 1 5
24 0 4 1 5
25 0 4 1 5
26 0 4 1 5
27 0 4 1 5
28 4 5
29 0 4 1 5
30 0 4 1 5
31 0 4 1 5
32 0 4 1 5
33 0 4 1 5
34 0 4 1 5
35 0 4 1 5
36 0 4 1 5
37 0 4 1 5
38 0 4 1 5
39 0 4 1 5
40 0 4 1 5
41 0 4 1 5
42 0 4 1 5
43 0 4 1 5
44 0 4 1 5
45 0 4 1 5
46 0 4 1 5
47 0 4 1 5
48 0 4 1 5
49 0 4 1 5
50 0 4 1 5
51 0 1
52 0 4 1 5
53 0 4 1 5
54 0 4 1 5
55 0 4 1 5
56 0 4 1 5
57 0 4 1 5
58 0 1
59 0 4 1 5
60 0 4 1 5
61 0 4 1 5
62 4 5
63 0 4 1 5
64 0 4 1 5
65 0 4 1 5
66 0 4 1 5
67 0 4 1 5
68 0 4 1 5
69 0 1
70 0 4 1 5
71 4 5
72 0 4 1 5
73 0 4 1 5
74 0 4 1 5
75 0 4 1 5
76 0 4 1 5
77 0 4 1 5
78 0 4 1 5
79 0 4 1 5
80 0 4 1 5
81 0 1
82 0 4 1 5
83 0 4 1 5
84 0 4 1 5
85 0 4 1 5
86 0 4 1 5
87 4 5
88 4 5
89 0 4 1 5
90 0 4 1 5
91 0 4 1 5
92 0 4 1 5
93 0 4 1 5
94 0 4 1 5
95 0 4 1 5
96 0 4 1 5
97 0 4 1 5
98 0 4 1 5
99 0 4 1 5
