JOBS 100
0 XPY 48
1 ERF 12
2 POW 36
3 SUM 132
4 COPY 60
5 ERF 12
6 POW 24
7 POW 24
8 SUM 132
9 POW 12
10 SUM 108
11 TGAMMA 60
12 SUM 84
13 POW 36
14 DOT 84
15 POW 36
16 SQRTX 12
17 POW 24
18 SUM 108
19 COPY 60
20 XPY 48
21 SUM 108
22 POW 36
23 ERF 12
24 XPY 60
25 TGAMMA 60
26 ERF 12
27 COPY 84
28 SUM 132
29 DOT 36
30 XPY 60
31 POW 24
32 COPY 84
33 TGAMMA 12
34 SQRTX 48
35 SQRTX 48
36 TGAMMA 12
37 POW 24
38 ERF 48
39 SUM 132
40 ERF 12
41 POW 36
42 XPY 48
43 SQRTX 48
44 ERF 48
45 XPY 60
46 DOT 36
47 POW 24
48 TGAMMA 120
49 TGAMMA 60
50 SUM 84
51 TGAMMA 12
52 COPY 84
53 SQRTX 48
54 COPY 60
55 ERF 12
56 SUM 132
57 POW 12
58 XPY 48
59 POW 12
60 DOT 84
61 TGAMMA 12
62 COPY 60
63 DOT 36
64 SQRTX 48
65 SUM 84
66 SUM 108
67 SUM 132
68 SQRTX 48
69 COPY 60
70 SQRTX 12
71 COPY 84
72 TGAMMA 60
73 COPY 84
74 POW 12
75 SUM 132
76 ERF 12
77 POW 36
78 SUM 108
79 XPY 60
80 DOT 36
81 POW 12
82 POW 12
83 SUM 108
84 DOT 36
85 XPY 48
86 POW 12
87 SUM 108
88 SQRTX 12
89 COPY 84
90 POW 12
91 ERF 24
92 XPY 60
93 ERF 12
94 SQRTX 12
95 SQRTX 48
96 TGAMMA 12
97 SUM 132
98 POW 12
99 COPY 60
DEPS 101
2 13
13 15
15 22
22 41
41 77
77 48
48 38
38 44
44 6
6 7
7 17
17 31
31 37
37 47
47 27
47 32
27 52
32 71
52 73
71 89
73 14
89 14
14 60
60 34
34 35
35 43
43 53
53 64
64 68
68 95
95 11
11 25
25 49
49 72
72 3
3 8
8 28
28 39
39 56
56 67
67 75
75 97
97 24
24 30
30 45
45 79
79 92
92 4
92 19
4 54
19 62
54 69
62 99
69 91
99 91
91 10
10 18
18 21
21 66
66 78
78 83
83 87
87 0
0 20
20 42
42 58
58 85
85 9
9 57
57 59
59 74
74 81
81 82
82 86
86 90
90 98
98 12
12 50
50 65
65 29
29 46
46 63
63 80
80 84
84 1
1 5
5 23
23 26
26 40
40 55
55 76
76 93
93 16
16 70
70 88
88 94
94 33
33 36
36 51
51 61
61 96
CORES 100
0 0 4 1 5
1 0 4 1 5
2 0 4 1 5
3 0 4 1 5
4 0 1
5 0 4 1 5
6 0 4 1 5
7 0 4 1 5
8 0 4 1 5
9 0 4 1 5
10 0 4 1 5
11 0 4 1 5
12 0 4 1 5
13 0 4 1 5
14 0 4 1 5
15 0 4 1 5
16 0 4 1 5
17 0 4 1 5
18 0 4 1 5
19 4 5
20 0 4 1 5
21 0 4 1 5
22 0 4 1 5
23 0 4 1 5
24 0 4 1 5
25 0 4 1 5
26 0 4 1 5
27 0 1
28 0 4 1 5
29 0 4 1 5
30 0 4 1 5
31 0 4 1 5
32 4 5
33 0 4 1 5
34 0 4 1 5
35 0 4 1 5
36 0 4 1 5
37 0 4 1 5
38 0 4 1 5
39 0 4 1 5
40 0 4 1 5
41 0 4 1 5
42 0 4 1 5
43 0 4 1 5
44 0 4 1 5
45 0 4 1 5
46 0 4 1 5
47 0 4 1 5
48 0 4 1 5
49 0 4 1 5
50 0 4 1 5
51 0 4 1 5
52 0 1
53 0 4 1 5
54 0 1
55 0 4 1 5
56 0 4 1 5
57 0 4 1 5
58 0 4 1 5
59 0 4 1 5
60 0 4 1 5
61 0 4 1 5
62 4 5
63 0 4 1 5
64 0 4 1 5
65 0 4 1 5
66 0 4 1 5
67 0 4 1 5
68 0 4 1 5
69 0 1
70 0 4 1 5
71 4 5
72 0 4 1 5
73 0 1
74 0 4 1 5
75 0 4 1 5
76 0 4 1 5
77 0 4 1 5
78 0 4 1 5
79 0 4 1 5
80 0 4 1 5
81 0 4 1 5
82 0 4 1 5
83 0 4 1 5
84 0 4 1 5
85 0 4 1 5
86 0 4 1 5
87 0 4 1 5
88 0 4 1 5
89 4 5
90 0 4 1 5
91 0 4 1 5
92 0 4 1 5
93 0 4 1 5
94 0 4 1 5
95 0 4 1 5
96 0 4 1 5
97 0 4 1 5
98 0 4 1 5
99 4 5
