JOBS 100
0 SQRTX 48
1 COPY 60
2 POW 12
3 TGAMMA 60
4 COPY 60
5 SQRTX 48
6 SQRTX 48
7 POW 24
8 DOT 84
9 POW 36
10 XPY 60
11 SUM 108
12 ERF 48
13 SUM 84
14 TGAMMA 60
15 POW 12
16 SQRTX 48
17 SUM 132
18 SQRTX 48
19 SUM 84
20 XPY 60
21 SQRTX 12
22 DOT 36
23 SQRTX 48
24 TGAMMA 60
25 COPY 84
26 TGAMMA 12
27 TGAMMA 120
28 TGAMMA 12
29 POW 12
30 TGAMMA 120
31 POW 12
32 XPY 60
33 SQRTX 48
34 SQRTX 48
35 SQRTX 48
36 POW 36
37 COPY 60
38 SUM 132
39 TGAMMA 12
40 XPY 60
41 DOT 36
42 XPY 60
43 ERF 48
44 SUM 84
45 COPY 84
46 ERF 12
47 SUM 108
48 SUM 108
49 DOT 36
50 POW 12
51 TGAMMA 120
52 TGAMMA 12
53 SUM 84
54 SUM 108
55 COPY 60
56 DOT 36
57 DOT 84
58 SQRTX 12
59 DOT 84
60 SUM 84
61 POW 24
62 SUM 84
63 DOT 84
64 DOT 36
65 COPY 60
66 SUM 108
67 COPY 60
68 SUM 108
69 XPY 48
70 DOT 36
71 COPY 60
72 POW 36
73 POW 12
74 COPY 60
75 TGAMMA 120
76 SQRTX 12
77 XPY 48
78 SUM 84
79 ERF 48
80 SUM 84
81 ERF 12
82 DOT 84
83 SUM 108
84 XPY 60
85 SQRTX 12
86 POW 12
87 ERF 12
88 ERF 48
89 DOT 36
90 TGAMMA 12
91 SUM 84
92 SUM 84
93 COPY 60
94 TGAMMA 60
95 TGAMMA 12
96 POW 12
97 TGAMMA 60
98 SUM 84
99 TGAMMA 12
DEPS 100
9 36
36 72
72 27
27 30
30 51
51 75
75 12
12 43
43 79
79 88
88 7
7 61
61 25
61 45
25 8
45 8
8 57
57 59
59 63
63 82
82 0
0 5
5 6
6 16
16 18
18 23
23 33
33 34
34 35
35 3
3 14
14 24
24 94
94 97
97 17
17 38
38 10
10 20
20 32
32 40
40 42
42 84
84 1
84 4
1 37
4 55
37 65
55 67
65 71
67 74
71 93
74 11
11 47
93 48
47 54
48 66
54 68
66 83
68 69
83 77
69 2
77 15
2 29
15 31
29 50
31 73
50 86
73 96
86 13
96 19
13 44
19 53
44 60
53 62
60 78
62 80
78 91
80 92
91 98
92 22
98 41
22 49
41 56
49 64
56 70
64 89
70 46
89 81
46 87
81 21
21 58
87 76
58 85
76 26
85 28
26 39
28 52
39 90
52 95
90 99
CORES 100
0 0 4 1 5
1 0 1
2 4 5
3 0 4 1 5
4 4 5
5 0 4 1 5
6 0 4 1 5
7 0 4 1 5
8 0 4 1 5
9 0 4 1 5
10 0 4 1 5
11 4 5
12 0 4 1 5
13 4 5
14 0 4 1 5
15 0 1
16 0 4 1 5
17 0 4 1 5
18 0 4 1 5
19 0 1
20 0 4 1 5
21 0 1
22 0 1
23 0 4 1 5
24 0 4 1 5
25 0 1
26 4 5
27 0 4 1 5
28 0 1
29 4 5
30 0 4 1 5
31 0 1
32 0 4 1 5
33 0 4 1 5
34 0 4 1 5
35 0 4 1 5
36 0 4 1 5
37 0 1
38 0 4 1 5
39 4 5
40 0 4 1 5
41 4 5
42 0 4 1 5
43 0 4 1 5
44 4 5
45 4 5
46 4 5
47 4 5
48 0 1
49 0 1
50 4 5
51 0 4 1 5
52 0 1
53 0 1
54 4 5
55 4 5
56 4 5
57 0 4 1 5
58 0 1
59 0 4 1 5
60 4 5
61 0 4 1 5
62 0 1
63 0 4 1 5
64 0 1
65 0 1
66 0 1
67 4 5
68 4 5
69 4 5
70 4 5
71 0 1
72 0 4 1 5
73 0 1
74 4 5
75 0 4 1 5
76 4 5
77 0 1
78 4 5
79 0 4 1 5
80 0 1
81 0 1
82 0 4 1 5
83 0 1
84 0 4 1 5
85 0 1
86 4 5
87 4 5
88 0 4 1 5
89 0 1
90 4 5
91 4 5
92 0 1
93 0 1
94 0 4 1 5
95 0 1
96 0 1
97 0 4 1 5
98 4 5
99 4 5
