JOBS 100
0 DOT 84
1 COPY 84
2 SQRTX 48
3 TGAMMA 120
4 ERF 12
5 DOT 36
6 TGAMMA 12
7 ERF 24
8 ERF 12
9 ERF 48
10 SUM 84
11 SQRTX 12
12 XPY 48
13 COPY 60
14 DOT 84
15 XPY 60
16 TGAMMA 60
17 TGAMMA 60
18 XPY 48
19 DOT 36
20 TGAMMA 120
21 POW 36
22 SUM 108
23 ERF 24
24 ERF 12
25 SUM 108
26 POW 12
27 XPY 48
28 DOT 84
29 POW 36
30 XPY 60
31 TGAMMA 120
32 TGAMMA 60
33 POW 12
34 XPY 60
35 ERF 48
36 DOT 36
37 ERF 48
38 POW 12
39 TGAMMA 60
40 COPY 60
41 POW 36
42 SUM 108
43 TGAMMA 60
44 POW 12
45 DOT 84
46 TGAMMA 12
47 POW 12
48 COPY 60
49 XPY 60
50 TGAMMA 12
51 ERF 24
52 TGAMMA 12
53 TGAMMA 120
54 POW 36
55 TGAMMA 60
56 SUM 84
57 TGAMMA 12
58 XPY 60
59 POW 24
60 TGAMMA 60
61 TGAMMA 120
62 COPY 84
63 ERF 12
64 SUM 108
65 POW 24
66 SUM 108
67 SUM 108
68 POW 24
69 COPY 60
70 COPY 60
71 COPY 60
72 TGAMMA 120
73 COPY 60
74 ERF 12
75 COPY 84
76 SUM 108
77 TGAMMA 120
78 ERF 24
79 TGAMMA 12
80 POW 12
81 SUM 108
82 SUM 108
83 DOT 36
84 POW 12
85 TGAMMA 12
86 SUM 108
87 TGAMMA 12
88 COPY 84
89 POW 24
90 POW 12
91 SUM 84
92 ERF 48
93 SQRTX 12
94 SUM 132
95 SQRTX 12
96 TGAMMA 120
97 SUM 84
98 TGAMMA 60
99 XPY 60
DEPS 100
21 29
29 41
41 54
54 3
3 20
20 31
31 53
53 61
61 72
72 77
77 96
96 9
9 35
35 37
37 92
92 59
59 65
65 68
68 89
89 1
89 62
1 75
62 88
75 0
88 0
0 14
14 28
28 45
45 2
2 16
16 17
17 32
32 39
39 43
43 55
55 60
60 98
98 94
94 15
15 30
30 34
34 49
49 58
58 99
99 13
99 40
13 48
40 69
48 70
69 71
70 73
71 7
7 23
73 51
23 78
51 22
78 25
22 42
25 64
42 66
64 67
66 76
67 81
76 82
81 86
82 12
86 18
12 27
18 26
26 33
27 38
33 44
38 47
44 80
47 84
80 90
84 10
90 56
10 91
56 97
91 5
97 19
5 36
19 83
36 4
83 8
4 24
8 63
24 74
63 11
74 93
11 95
93 6
95 46
6 50
46 52
50 57
52 79
57 85
79 87
CORES 100
0 0 4 1 5
1 0 1
2 0 4 1 5
3 0 4 1 5
4 0 1
5 0 1
6 0 1
7 4 5
8 4 5
9 0 4 1 5
10 0 1
11 4 5
12 0 1
13 0 1
14 0 4 1 5
15 0 4 1 5
16 0 4 1 5
17 0 4 1 5
18 4 5
19 4 5
20 0 4 1 5
21 0 4 1 5
22 0 1
23 4 5
24 0 1
25 4 5
26 4 5
27 0 1
28 0 4 1 5
29 0 4 1 5
30 0 4 1 5
31 0 4 1 5
32 0 4 1 5
33 4 5
34 0 4 1 5
35 0 4 1 5
36 0 1
37 0 4 1 5
38 0 1
39 0 4 1 5
40 4 5
41 0 4 1 5
42 0 1
43 0 4 1 5
44 4 5
45 0 4 1 5
46 4 5
47 0 1
48 0 1
49 0 4 1 5
50 0 1
51 0 1
52 4 5
53 0 4 1 5
54 0 4 1 5
55 0 4 1 5
56 4 5
57 0 1
58 0 4 1 5
59 0 4 1 5
60 0 4 1 5
61 0 4 1 5
62 4 5
63 4 5
64 4 5
65 0 4 1 5
66 0 1
67 4 5
68 0 4 1 5
69 4 5
70 0 1
71 4 5
72 0 4 1 5
73 0 1
74 0 1
75 0 1
76 0 1
77 0 4 1 5
78 4 5
79 4 5
80 4 5
81 4 5
82 0 1
83 4 5
84 0 1
85 0 1
86 4 5
87 4 5
88 4 5
89 0 4 1 5
90 4 5
91 0 1
92 0 4 1 5
93 0 1
94 0 4 1 5
95 4 5
96 0 4 1 5
97 4 5
98 0 4 1 5
99 0 4 1 5
