JOBS 100
0 SUM 108
1 ERF 48
2 ERF 12
3 SUM 132
4 ERF 48
5 ERF 24
6 ERF 48
7 POW 12
8 SQRTX 48
9 DOT 84
10 COPY 60
11 COPY 84
12 DOT 84
13 POW 36
14 SUM 132
15 SQRTX 12
16 DOT 36
17 SQRTX 12
18 SUM 132
19 SUM 84
20 TGAMMA 12
21 POW 24
22 COPY 84
23 POW 24
24 SQRTX 12
25 ERF 48
26 SQRTX 12
27 COPY 84
28 XPY 60
29 ERF 48
30 TGAMMA 12
31 XPY 60
32 COPY 60
33 ERF 12
34 TGAMMA 120
35 XPY 60
36 COPY 84
37 COPY 60
38 COPY 84
39 ERF 48
40 COPY 60
41 POW 12
42 ERF 48
43 SQRTX 12
44 SUM 108
45 XPY 60
46 COPY 60
47 TGAMMA 120
48 SUM 84
49 DOT 36
50 XPY 60
51 COPY 60
52 POW 12
53 TGAMMA 60
54 ERF 48
55 SUM 108
56 ERF 48
57 POW 12
58 POW 36
59 DOT 84
60 POW 24
61 ERF 48
62 SQRTX 48
63 SUM 84
64 SUM 132
65 ERF 24
66 ERF 24
67 ERF 24
68 XPY 48
69 TGAMMA 12
70 COPY 60
71 ERF 12
72 ERF 12
73 SUM 132
74 SUM 84
75 SUM 132
76 TGAMMA 12
77 TGAMMA 12
78 SUM 132
79 SUM 84
80 DOT 84
81 TGAMMA 120
82 SUM 108
83 DOT 36
84 TGAMMA 60
85 DOT 84
86 SQRTX 48
87 SUM 108
88 SUM 132
89 SUM 84
90 DOT 36
91 POW 12
92 ERF 12
93 DOT 84
94 POW 12
95 DOT 36
96 SUM 84
97 XPY 60
98 TGAMMA 60
99 COPY 84
DEPS 100
13 58
58 34
34 47
47 81
81 1
1 4
4 6
6 25
25 29
29 39
39 42
42 54
54 56
56 61
61 21
21 23
23 60
60 11
60 22
11 27
22 36
27 38
36 99
38 9
99 9
9 12
12 59
59 80
80 85
85 93
93 8
8 62
62 86
86 53
53 84
84 98
98 3
3 14
14 18
18 64
64 73
73 75
75 78
78 88
88 28
28 31
31 35
35 45
45 50
50 97
97 10
97 32
10 37
32 40
37 46
40 51
46 70
51 5
5 65
70 66
65 67
66 0
67 44
0 55
44 82
55 87
82 68
68 7
87 41
7 52
41 57
52 91
57 94
91 19
94 48
19 63
48 74
63 79
74 89
79 96
89 16
96 49
16 83
49 90
83 95
90 2
95 33
2 71
33 72
71 92
72 15
15 17
92 24
17 26
24 43
26 20
43 30
20 69
30 76
69 77
CORES 100
0 0 1
1 0 4 1 5
2 4 5
3 0 4 1 5
4 0 4 1 5
5 4 5
6 0 4 1 5
7 4 5
8 0 4 1 5
9 0 4 1 5
10 0 1
11 0 1
12 0 4 1 5
13 0 4 1 5
14 0 4 1 5
15 0 1
16 0 1
17 0 1
18 0 4 1 5
19 4 5
20 0 1
21 0 4 1 5
22 4 5
23 0 4 1 5
24 4 5
25 0 4 1 5
26 0 1
27 0 1
28 0 4 1 5
29 0 4 1 5
30 4 5
31 0 4 1 5
32 4 5
33 0 1
34 0 4 1 5
35 0 4 1 5
36 4 5
37 0 1
38 0 1
39 0 4 1 5
40 4 5
41 0 1
42 0 4 1 5
43 4 5
44 4 5
45 0 4 1 5
46 0 1
47 0 4 1 5
48 0 1
49 4 5
50 0 4 1 5
51 4 5
52 4 5
53 0 4 1 5
54 0 4 1 5
55 0 1
56 0 4 1 5
57 0 1
58 0 4 1 5
59 0 4 1 5
60 0 4 1 5
61 0 4 1 5
62 0 4 1 5
63 4 5
64 0 4 1 5
65 4 5
66 0 1
67 4 5
68 4 5
69 0 1
70 0 1
71 4 5
72 0 1
73 0 4 1 5
74 0 1
75 0 4 1 5
76 4 5
77 0 1
78 0 4 1 5
79 4 5
80 0 4 1 5
81 0 4 1 5
82 4 5
83 0 1
84 0 4 1 5
85 0 4 1 5
86 0 4 1 5
87 0 1
88 0 4 1 5
89 0 1
90 4 5
91 4 5
92 4 5
93 0 4 1 5
94 0 1
95 0 1
96 4 5
97 0 4 1 5
98 0 4 1 5
99 4 5
