JOBS 100
0 POW 36
1 DOT 84
2 POW 36
3 ERF 24
4 TGAMMA 12
5 COPY 60
6 POW 36
7 DOT 36
8 POW 12
9 POW 24
10 TGAMMA 12
11 XPY 60
12 ERF 12
13 SUM 108
14 POW 36
15 ERF 24
16 XPY 48
17 ERF 24
18 ERF 24
19 SUM 84
20 COPY 84
21 XPY 48
22 XPY 48
23 POW 24
24 TGAMMA 60
25 ERF 48
26 ERF 12
27 XPY 60
28 SQRTX 48
29 POW 36
30 DOT 84
31 XPY 60
32 TGAMMA 120
33 POW 36
34 POW 24
35 COPY 60
36 DOT 84
37 COPY 60
38 POW 36
39 SQRTX 12
40 ERF 24
41 SUM 108
42 TGAMMA 12
43 SUM 84
44 SQRTX 48
45 POW 24
46 ERF 12
47 TGAMMA 120
48 POW 36
49 SQRTX 12
50 SUM 108
51 SUM 108
52 POW 36
53 TGAMMA 60
54 SQRTX 12
55 SUM 108
56 TGAMMA 12
57 ERF 48
58 POW 24
59 TGAMMA 120
60 SUM 132
61 DOT 84
62 ERF 24
63 ERF 24
64 TGAMMA 120
65 DOT 36
66 ERF 48
67 ERF 24
68 DOT 84
69 XPY 60
70 POW 36
71 COPY 60
72 DOT 84
73 ERF 48
74 COPY 84
75 XPY 48
76 TGAMMA 120
77 COPY 84
78 SQRTX 48
79 XPY 48
80 SQRTX 48
81 TGAMMA 60
82 POW 12
83 COPY 84
84 XPY 48
85 SQRTX 12
86 SUM 84
87 TGAMMA 120
88 POW 24
89 DOT 84
90 DOT 36
91 TGAMMA 60
92 XPY 48
93 TGAMMA 120
94 XPY 60
95 ERF 24
96 TGAMMA 12
97 ERF 24
98 ERF 12
99 SUM 108
DEPS 101
0 2
2 6
6 14
14 29
29 33
33 38
38 48
48 52
52 70
70 32
32 47
47 59
59 64
64 76
76 87
87 93
93 25
25 57
57 66
66 73
73 9
9 23
23 34
34 45
45 58
58 88
88 20
88 74
20 77
74 83
77 1
83 1
1 30
30 36
36 61
61 68
68 72
72 89
89 28
28 44
44 78
78 80
80 24
24 53
53 81
81 91
91 60
60 11
11 27
27 31
31 69
69 94
94 5
94 35
5 37
35 71
37 3
71 3
3 15
15 17
17 18
18 40
40 62
62 63
63 67
67 95
95 97
97 13
13 41
41 50
50 51
51 55
55 99
99 16
16 21
21 22
22 75
75 79
79 84
84 92
92 8
8 82
82 19
19 43
43 86
86 7
7 65
65 90
90 12
12 26
26 46
46 98
98 39
39 49
49 54
54 85
85 4
4 10
10 42
42 56
56 96
CORES 100
0 0 4 1 5
1 0 4 1 5
2 0 4 1 5
3 0 4 1 5
4 0 4 1 5
5 0 1
6 0 4 1 5
7 0 4 1 5
8 0 4 1 5
9 0 4 1 5
10 0 4 1 5
11 0 4 1 5
12 0 4 1 5
13 0 4 1 5
14 0 4 1 5
15 0 4 1 5
16 0 4 1 5
17 0 4 1 5
18 0 4 1 5
19 0 4 1 5
20 0 1
21 0 4 1 5
22 0 4 1 5
23 0 4 1 5
24 0 4 1 5
25 0 4 1 5
26 0 4 1 5
27 0 4 1 5
28 0 4 1 5
29 0 4 1 5
30 0 4 1 5
31 0 4 1 5
32 0 4 1 5
33 0 4 1 5
34 0 4 1 5
35 4 5
36 0 4 1 5
37 0 1
38 0 4 1 5
39 0 4 1 5
40 0 4 1 5
41 0 4 1 5
42 0 4 1 5
43 0 4 1 5
44 0 4 1 5
45 0 4 1 5
46 0 4 1 5
47 0 4 1 5
48 0 4 1 5
49 0 4 1 5
50 0 4 1 5
51 0 4 1 5
52 0 4 1 5
53 0 4 1 5
54 0 4 1 5
55 0 4 1 5
56 0 4 1 5
57 0 4 1 5
58 0 4 1 5
59 0 4 1 5
60 0 4 1 5
61 0 4 1 5
62 0 4 1 5
63 0 4 1 5
64 0 4 1 5
65 0 4 1 5
66 0 4 1 5
67 0 4 1 5
68 0 4 1 5
69 0 4 1 5
70 0 4 1 5
71 4 5
72 0 4 1 5
73 0 4 1 5
74 4 5
75 0 4 1 5
76 0 4 1 5
77 0 1
78 0 4 1 5
79 0 4 1 5
80 0 4 1 5
81 0 4 1 5
82 0 4 1 5
83 4 5
84 0 4 1 5
85 0 4 1 5
86 0 4 1 5
87 0 4 1 5
88 0 4 1 5
89 0 4 1 5
90 0 4 1 5
91 0 4 1 5
92 0 4 1 5
93 0 4 1 5
94 0 4 1 5
95 0 4 1 5
96 0 4 1 5
97 0 4 1 5
98 0 4 1 5
99 0 4 1 5
