JOBS 100
0 TGAMMA 60
1 SQRTX 12
2 COPY 60
3 DOT 84
4 DOT 84
5 XPY 60
6 SUM 84
7 ERF 48
8 SUM 108
9 ERF 48
10 ERF 12
11 TGAMMA 12
12 XPY 60
13 DOT 36
14 SUM 108
15 ERF 48
16 COPY 60
17 ERF 48
18 POW 24
19 TGAMMA 120
20 SUM 108
21 SUM 108
22 ERF 12
23 ERF 12
24 TGAMMA 60
25 ERF 24
26 ERF 48
27 SUM 132
28 SQRTX 48
29 ERF 24
30 SUM 132
31 DOT 84
32 XPY 48
33 TGAMMA 120
34 SUM 132
35 SUM 84
36 TGAMMA 12
37 XPY 48
38 ERF 12
39 COPY 84
40 TGAMMA 60
41 POW 12
42 TGAMMA 12
43 DOT 84
44 DOT 36
45 SQRTX 48
46 SUM 84
47 SUM 132
48 ERF 24
49 POW 24
50 SUM 108
51 ERF 24
52 SQRTX 12
53 TGAMMA 120
54 COPY 84
55 SUM 84
56 TGAMMA 12
57 SUM 84
58 TGAMMA 60
59 COPY 84
60 DOT 36
61 ERF 12
62 SUM 108
63 SQRTX 12
64 POW 12
65 ERF 12
66 ERF 24
67 TGAMMA 120
68 POW 12
69 ERF 24
70 ERF 12
71 DOT 36
72 ERF 12
73 POW 12
74 XPY 60
75 TGAMMA 120
76 SUM 132
77 POW 24
78 SQRTX 12
79 SQRTX 12
80 SQRTX 12
81 SQRTX 12
82 POW 36
83 TGAMMA 12
84 COPY 84
85 TGAMMA 120
86 POW 24
87 SUM 108
88 SUM 84
89 XPY 48
90 TGAMMA 60
91 COPY 60
92 COPY 84
93 SQRTX 12
94 SUM 108
95 TGAMMA 12
96 POW 24
97 ERF 48
98 SUM 84
99 XPY 60
DEPS 99
82 19
19 33
33 53
53 67
67 75
75 85
85 7
7 9
9 15
15 17
17 26
26 97
97 18
18 49
49 77
77 86
86 96
96 39
96 54
39 59
54 84
59 92
84 3
3 4
92 31
4 43
31 28
28 45
43 0
45 24
0 40
24 58
40 90
58 27
90 30
27 34
30 47
34 76
47 5
5 12
76 74
12 99
74 2
99 16
2 91
16 25
91 29
25 48
29 51
48 66
51 69
66 8
69 14
8 20
14 21
20 50
21 62
50 87
62 94
87 32
94 37
32 89
37 41
89 64
41 68
64 73
68 6
73 35
6 46
35 55
46 57
55 88
57 98
88 13
98 44
13 60
44 71
60 10
10 22
71 23
22 38
23 61
38 65
61 70
65 72
70 1
1 52
72 63
52 78
63 79
78 80
79 81
80 93
81 11
11 36
93 42
36 56
42 83
56 95
CORES 100
0 4 5
1 0 1
2 0 1
3 4 5
4 4 5
5 4 5
6 0 1
7 0 4 1 5
8 4 5
9 0 4 1 5
10 4 5
11 4 5
12 4 5
13 4 5
14 0 1
15 0 4 1 5
16 4 5
17 0 4 1 5
18 0 4 1 5
19 0 4 1 5
20 4 5
21 0 1
22 4 5
23 0 1
24 0 1
25 4 5
26 0 4 1 5
27 0 1
28 0 1
29 0 1
30 4 5
31 0 1
32 4 5
33 0 4 1 5
34 0 1
35 4 5
36 4 5
37 0 1
38 4 5
39 0 1
40 4 5
41 0 1
42 0 1
43 4 5
44 0 1
45 0 1
46 0 1
47 4 5
48 4 5
49 0 4 1 5
50 4 5
51 0 1
52 0 1
53 0 4 1 5
54 4 5
55 4 5
56 4 5
57 0 1
58 0 1
59 0 1
60 4 5
61 0 1
62 0 1
63 4 5
64 4 5
65 4 5
66 4 5
67 0 4 1 5
68 0 1
69 0 1
70 0 1
71 0 1
72 4 5
73 4 5
74 0 1
75 0 4 1 5
76 0 1
77 0 4 1 5
78 0 1
79 4 5
80 0 1
81 4 5
82 0 4 1 5
83 0 1
84 4 5
85 0 4 1 5
86 0 4 1 5
87 4 5
88 4 5
89 4 5
90 4 5
91 0 1
92 0 1
93 0 1
94 0 1
95 4 5
96 0 4 1 5
97 0 4 1 5
98 0 1
99 4 5
