JOBS 100
0 SUM 108
1 POW 24
2 POW 12
3 XPY 60
4 SUM 84
5 XPY 60
6 SUM 84
7 COPY 60
8 XPY 60
9 COPY 84
10 POW 12
11 POW 36
12 POW 36
13 POW 36
14 SUM 84
15 XPY 48
16 DOT 36
17 DOT 36
18 SQRTX 48
19 XPY 60
20 DOT 36
21 XPY 48
22 POW 24
23 ERF 12
24 COPY 84
25 SUM 132
26 SUM 132
27 DOT 84
28 POW 12
29 TGAMMA 60
30 COPY 84
31 TGAMMA 12
32 XPY 60
33 POW 36
34 POW 24
35 TGAMMA 12
36 DOT 36
37 SQRTX 12
38 SUM 132
39 ERF 24
40 TGAMMA 12
41 SUM 108
42 ERF 48
43 POW 24
44 SQRTX 48
45 POW 24
46 TGAMMA 12
47 TGAMMA 12
48 XPY 60
49 DOT 36
50 COPY 60
51 COPY 60
52 SUM 84
53 ERF 24
54 ERF 48
55 ERF 12
56 SUM 132
57 SUM 84
58 POW 24
59 SUM 84
60 ERF 48
61 SUM 84
62 SQRTX 12
63 POW 24
64 SUM 132
65 ERF 12
66 POW 36
67 ERF 12
68 SQRTX 12
69 ERF 48
70 COPY 84
71 DOT 36
72 ERF 12
73 SUM 132
74 POW 12
75 ERF 12
76 TGAMMA 60
77 ERF 48
78 COPY 60
79 TGAMMA 120
80 ERF 48
81 DOT 36
82 ERF 48
83 SUM 108
84 XPY 60
85 SQRTX 48
86 COPY 60
87 POW 36
88 POW 12
89 SUM 84
90 POW 12
91 XPY 60
92 ERF 12
93 DOT 36
94 SQRTX 48
95 SUM 108
96 TGAMMA 120
97 COPY 60
98 DOT 84
99 COPY 60
DEPS 100
11 12
12 13
13 33
33 66
66 87
87 79
79 96
96 42
42 54
54 60
60 69
69 77
77 80
80 82
82 1
1 22
22 34
34 43
43 45
45 58
58 63
63 9
63 24
9 30
24 70
30 27
70 27
27 98
98 18
18 44
44 85
85 94
94 29
29 76
76 25
25 26
26 38
38 56
56 64
64 73
73 3
3 5
5 8
8 19
19 32
32 48
48 84
84 91
91 7
91 50
7 51
50 78
51 86
78 97
86 99
97 39
39 53
99 0
53 41
0 83
41 95
83 15
95 21
15 2
21 10
2 28
10 74
28 88
74 90
88 4
90 6
4 14
6 52
14 57
52 59
57 61
59 89
61 16
89 17
16 20
17 36
20 49
36 71
49 81
71 93
81 23
93 55
23 65
55 67
65 72
67 75
72 92
75 37
37 62
92 68
62 31
68 35
31 40
35 46
40 47
CORES 100
0 0 1
1 0 4 1 5
2 0 1
3 0 4 1 5
4 0 1
5 0 4 1 5
6 4 5
7 0 1
8 0 4 1 5
9 0 1
10 4 5
11 0 4 1 5
12 0 4 1 5
13 0 4 1 5
14 0 1
15 0 1
16 0 1
17 4 5
18 0 4 1 5
19 0 4 1 5
20 0 1
21 4 5
22 0 4 1 5
23 0 1
24 4 5
25 0 4 1 5
26 0 4 1 5
27 0 4 1 5
28 0 1
29 0 4 1 5
30 0 1
31 4 5
32 0 4 1 5
33 0 4 1 5
34 0 4 1 5
35 0 1
36 4 5
37 4 5
38 0 4 1 5
39 4 5
40 4 5
41 4 5
42 0 4 1 5
43 0 4 1 5
44 0 4 1 5
45 0 4 1 5
46 0 1
47 4 5
48 0 4 1 5
49 0 1
50 4 5
51 0 1
52 4 5
53 4 5
54 0 4 1 5
55 4 5
56 0 4 1 5
57 0 1
58 0 4 1 5
59 4 5
60 0 4 1 5
61 0 1
62 4 5
63 0 4 1 5
64 0 4 1 5
65 0 1
66 0 4 1 5
67 4 5
68 0 1
69 0 4 1 5
70 4 5
71 4 5
72 0 1
73 0 4 1 5
74 4 5
75 4 5
76 0 4 1 5
77 0 4 1 5
78 4 5
79 0 4 1 5
80 0 4 1 5
81 0 1
82 0 4 1 5
83 0 1
84 0 4 1 5
85 0 4 1 5
86 0 1
87 0 4 1 5
88 0 1
89 4 5
90 4 5
91 0 4 1 5
92 0 1
93 4 5
94 0 4 1 5
95 4 5
96 0 4 1 5
97 4 5
98 0 4 1 5
99 0 1
