JOBS 100
0 SQRTX 48
1 ERF 12
2 TGAMMA 60
3 SQRTX 12
4 TGAMMA 12
5 XPY 48
6 TGAMMA 60
7 SQRTX 12
8 DOT 36
9 SQRTX 48
10 SUM 84
11 ERF 48
12 DOT 36
13 ERF 24
14 DOT 36
15 XPY 60
16 COPY 84
17 SUM 108
18 COPY 60
19 SQRTX 12
20 XPY 48
21 COPY 84
22 SUM 132
23 DOT 84
24 TGAMMA 60
25 DOT 36
26 XPY 48
27 POW 12
28 COPY 84
29 XPY 60
30 XPY 60
31 ERF 48
32 COPY 84
33 ERF 48
34 TGAMMA 60
35 XPY 48
36 POW 36
37 TGAMMA 120
38 SUM 132
39 DOT 36
40 POW 24
41 ERF 24
42 ERF 12
43 POW 12
44 SQRTX 48
45 XPY 48
46 SQRTX 48
47 TGAMMA 60
48 TGAMMA 120
49 TGAMMA 60
50 DOT 36
51 TGAMMA 120
52 SUM 84
53 SUM 132
54 TGAMMA 12
55 POW 36
56 POW 12
57 DOT 36
58 TGAMMA 120
59 DOT 84
60 XPY 48
61 TGAMMA 12
62 POW 24
63 TGAMMA 120
64 COPY 84
65 POW 12
66 DOT 84
67 ERF 48
68 XPY 48
69 XPY 48
70 DOT 84
71 POW 12
72 POW 24
73 COPY 84
74 SUM 108
75 SQRTX 12
76 COPY 60
77 POW 12
78 SQRTX 48
79 SQRTX 48
80 ERF 48
81 ERF 12
82 ERF 48
83 TGAMMA 12
84 SUM 132
85 SUM 84
86 TGAMMA 60
87 COPY 84
88 SUM 84
89 TGAMMA 12
90 DOT 84
91 SUM 132
92 POW 24
93 TGAMMA 120
94 TGAMMA 60
95 SUM 84
96 DOT 36
97 SUM 132
98 ERF 12
99 SUM 84
DEPS 99
36 55
55 37
37 48
48 51
51 58
58 63
63 93
93 11
11 31
31 33
33 67
67 80
80 82
82 40
40 62
62 72
72 92
92 16
92 21
16 28
21 32
28 64
32 73
64 87
73 23
23 59
87 66
59 70
66 90
70 0
90 9
0 44
9 46
44 78
46 79
78 2
79 6
2 24
6 34
24 47
34 49
47 86
49 94
86 22
94 38
22 53
38 84
53 91
84 97
91 15
97 29
15 30
29 18
30 76
18 13
13 41
76 17
41 74
17 5
74 20
5 26
20 35
26 45
35 60
45 68
60 69
68 27
27 43
69 56
43 65
56 71
65 77
71 10
77 52
10 85
52 88
85 95
88 99
95 8
99 12
8 14
12 25
14 39
25 50
39 57
50 96
57 1
1 42
96 81
42 98
81 3
98 7
3 19
7 75
19 4
4 54
75 61
54 83
61 89
CORES 100
0 4 5
1 0 1
2 4 5
3 4 5
4 4 5
5 4 5
6 0 1
7 0 1
8 0 1
9 0 1
10 0 1
11 0 4 1 5
12 4 5
13 0 1
14 0 1
15 4 5
16 0 1
17 4 5
18 0 1
19 4 5
20 0 1
21 4 5
22 4 5
23 4 5
24 4 5
25 4 5
26 4 5
27 4 5
28 0 1
29 0 1
30 4 5
31 0 4 1 5
32 4 5
33 0 4 1 5
34 0 1
35 0 1
36 0 4 1 5
37 0 4 1 5
38 0 1
39 0 1
40 0 4 1 5
41 0 1
42 0 1
43 4 5
44 4 5
45 4 5
46 0 1
47 4 5
48 0 4 1 5
49 0 1
50 4 5
51 0 4 1 5
52 4 5
53 4 5
54 4 5
55 0 4 1 5
56 0 1
57 0 1
58 0 4 1 5
59 4 5
60 0 1
61 0 1
62 0 4 1 5
63 0 4 1 5
64 0 1
65 4 5
66 0 1
67 0 4 1 5
68 4 5
69 0 1
70 4 5
71 0 1
72 0 4 1 5
73 4 5
74 0 1
75 0 1
76 4 5
77 4 5
78 4 5
79 0 1
80 0 4 1 5
81 4 5
82 0 4 1 5
83 4 5
84 0 1
85 0 1
86 4 5
87 0 1
88 4 5
89 0 1
90 0 1
91 4 5
92 0 4 1 5
93 0 4 1 5
94 0 1
95 0 1
96 4 5
97 0 1
98 0 1
99 4 5
