JOBS 100
0 TGAMMA 12
1 SUM 84
2 SUM 108
3 TGAMMA 12
4 DOT 36
5 COPY 84
6 SQRTX 12
7 TGAMMA 120
8 POW 24
9 ERF 48
10 SUM 108
11 SQRTX 48
12 TGAMMA 12
13 ERF 48
14 DOT 36
15 ERF 24
16 TGAMMA 60
17 DOT 36
18 ERF 12
19 DOT 84
20 DOT 84
21 XPY 48
22 COPY 84
23 SUM 108
24 COPY 60
25 ERF 24
26 SUM 108
27 SUM 132
28 TGAMMA 60
29 ERF 24
30 COPY 60
31 SUM 84
32 SQRTX 48
33 TGAMMA 60
34 TGAMMA 120
35 XPY 60
36 COPY 84
37 SUM 108
38 SQRTX 48
39 COPY 84
40 XPY 60
41 POW 12
42 COPY 60
43 COPY 60
44 POW 12
45 XPY 60
46 SUM 108
47 SUM 84
48 COPY 60
49 ERF 12
50 ERF 24
51 ERF 12
52 XPY 48
53 POW 24
54 ERF 12
55 DOT 36
56 DOT 36
57 TGAMMA 60
58 TGAMMA 60
59 SQRTX 12
60 XPY 48
61 SUM 84
62 DOT 36
63 DOT 84
64 POW 36
65 XPY 48
66 SQRTX 12
67 SQRTX 12
68 POW 12
69 ERF 24
70 TGAMMA 120
71 SUM 108
72 ERF 48
73 COPY 60
74 ERF 12
75 COPY 84
76 ERF 12
77 SQRTX 48
78 SQRTX 12
79 TGAMMA 12
80 COPY 60
81 XPY 60
82 DOT 36
83 SUM 84
84 SUM 132
85 POW 36
86 SQRTX 48
87 ERF 12
88 XPY 60
89 XPY 60
90 COPY 60
91 XPY 48
92 SUM 84
93 DOT 36
94 SUM 108
95 ERF 48
96 COPY 84
97 DOT 36
98 POW 12
99 XPY 60
DEPS 101
64 85
85 7
7 34
34 70
70 9
9 13
13 72
72 95
95 8
8 53
53 5
53 22
5 36
22 39
36 75
39 96
75 19
96 19
19 20
20 63
63 11
11 32
32 38
38 77
77 86
86 16
16 28
28 33
33 57
57 58
58 27
27 84
84 35
35 40
40 45
45 81
81 88
88 89
89 99
99 24
99 30
24 42
30 43
42 48
43 73
48 80
73 90
80 15
90 15
15 25
25 29
29 50
50 69
69 2
2 10
10 23
23 26
26 37
37 46
46 71
71 94
94 21
21 52
52 60
60 65
65 91
91 41
41 44
44 68
68 98
98 1
1 31
31 47
47 61
61 83
83 92
92 4
4 14
14 17
17 55
55 56
56 62
62 82
82 93
93 97
97 18
18 49
49 51
51 54
54 74
74 76
76 87
87 6
6 59
59 66
66 67
67 78
78 0
0 3
3 12
12 79
CORES 100
0 0 4 1 5
1 0 4 1 5
2 0 4 1 5
3 0 4 1 5
4 0 4 1 5
5 0 1
6 0 4 1 5
7 0 4 1 5
8 0 4 1 5
9 0 4 1 5
10 0 4 1 5
11 0 4 1 5
12 0 4 1 5
13 0 4 1 5
14 0 4 1 5
15 0 4 1 5
16 0 4 1 5
17 0 4 1 5
18 0 4 1 5
19 0 4 1 5
20 0 4 1 5
21 0 4 1 5
22 4 5
23 0 4 1 5
24 0 1
25 0 4 1 5
26 0 4 1 5
27 0 4 1 5
28 0 4 1 5
29 0 4 1 5
30 4 5
31 0 4 1 5
32 0 4 1 5
33 0 4 1 5
34 0 4 1 5
35 0 4 1 5
36 0 1
37 0 4 1 5
38 0 4 1 5
39 4 5
40 0 4 1 5
41 0 4 1 5
42 0 1
43 4 5
44 0 4 1 5
45 0 4 1 5
46 0 4 1 5
47 0 4 1 5
48 0 1
49 0 4 1 5
50 0 4 1 5
51 0 4 1 5
52 0 4 1 5
53 0 4 1 5
54 0 4 1 5
55 0 4 1 5
56 0 4 1 5
57 0 4 1 5
58 0 4 1 5
59 0 4 1 5
60 0 4 1 5
61 0 4 1 5
62 0 4 1 5
63 0 4 1 5
64 0 4 1 5
65 0 4 1 5
66 0 4 1 5
67 0 4 1 5
68 0 4 1 5
69 0 4 1 5
70 0 4 1 5
71 0 4 1 5
72 0 4 1 5
73 4 5
74 0 4 1 5
75 0 1
76 0 4 1 5
77 0 4 1 5
78 0 4 1 5
79 0 4 1 5
80 0 1
81 0 4 1 5
82 0 4 1 5
83 0 4 1 5
84 0 4 1 5
85 0 4 1 5
86 0 4 1 5
87 0 4 1 5
88 0 4 1 5
89 0 4 1 5
90 4 5
91 0 4 1 5
92 0 4 1 5
93 0 4 1 5
94 0 4 1 5
95 0 4 1 5
96 4 5
97 0 4 1 5
98 0 4 1 5
99 0 4 1 5
