JOBS 100
0 SQRTX 48
1 DOT 36
2 ERF 24
3 POW 12
4 POW 12
5 SUM 132
6 TGAMMA 12
7 DOT 36
8 SUM 108
9 ERF 12
10 TGAMMA 120
11 TGAMMA 60
12 COPY 60
13 XPY 48
14 DOT 36
15 SUM 84
16 DOT 36
17 SQRTX 48
18 XPY 48
19 COPY 84
20 POW 24
21 ERF 48
22 XPY 60
23 DOT 84
24 COPY 60
25 SUM 108
26 POW 24
27 TGAMMA 60
28 XPY 48
29 DOT 84
30 SUM 132
31 TGAMMA 60
32 ERF 12
33 POW 12
34 TGAMMA 12
35 POW 12
36 ERF 12
37 DOT 84
38 SUM 132
39 COPY 60
40 XPY 60
41 POW 36
42 TGAMMA 60
43 COPY 84
44 SUM 108
45 ERF 12
46 SUM 132
47 SUM 108
48 SUM 108
49 POW 36
50 SUM 108
51 DOT 84
52 ERF 24
53 DOT 36
54 POW 24
55 SUM 84
56 ERF 24
57 SQRTX 48
58 XPY 60
59 POW 24
60 SQRTX 48
61 COPY 84
62 TGAMMA 60
63 SQRTX 12
64 TGAMMA 60
65 XPY 60
66 SQRTX 48
67 SUM 108
68 SUM 132
69 POW 12
70 ERF 48
71 SQRTX 12
72 SUM 108
73 SUM 108
74 DOT 84
75 TGAMMA 60
76 DOT 84
77 XPY 60
78 COPY 60
79 ERF 48
80 SUM 84
81 SUM 84
82 TGAMMA 60
83 ERF 12
84 POW 12
85 SUM 132
86 COPY 84
87 POW 36
88 SUM 108
89 COPY 60
90 TGAMMA 120
91 DOT 36
92 SUM 84
93 POW 36
94 ERF 48
95 COPY 60
96 SUM 132
97 POW 24
98 COPY 60
99 SUM 108
DEPS 100
41 49
49 87
87 93
93 10
10 90
90 21
21 70
70 79
79 94
94 20
20 26
26 54
54 59
59 97
97 19
97 43
19 61
43 86
61 23
86 23
23 29
29 37
37 51
51 74
74 76
76 0
0 17
17 57
57 60
60 66
66 11
11 27
27 31
31 42
42 62
62 64
64 75
75 82
82 5
5 30
30 38
38 46
46 68
68 85
85 96
96 22
22 40
40 58
58 65
65 77
77 12
77 24
12 39
24 78
39 89
78 95
89 98
95 2
2 52
98 56
52 8
56 25
8 44
25 47
44 48
47 50
48 67
50 72
67 73
72 88
73 99
88 13
99 18
13 28
18 3
28 4
3 33
4 35
33 69
35 84
69 15
84 55
15 80
55 81
80 92
81 1
92 7
1 14
7 16
14 53
16 91
53 9
9 32
91 36
32 45
36 83
45 63
83 71
63 6
71 34
CORES 100
0 0 4 1 5
1 0 1
2 4 5
3 4 5
4 0 1
5 0 4 1 5
6 0 1
7 4 5
8 4 5
9 0 1
10 0 4 1 5
11 0 4 1 5
12 0 1
13 0 1
14 0 1
15 4 5
16 4 5
17 0 4 1 5
18 4 5
19 0 1
20 0 4 1 5
21 0 4 1 5
22 0 4 1 5
23 0 4 1 5
24 4 5
25 0 1
26 0 4 1 5
27 0 4 1 5
28 0 1
29 0 4 1 5
30 0 4 1 5
31 0 4 1 5
32 0 1
33 4 5
34 4 5
35 0 1
36 4 5
37 0 4 1 5
38 0 4 1 5
39 0 1
40 0 4 1 5
41 0 4 1 5
42 0 4 1 5
43 4 5
44 4 5
45 0 1
46 0 4 1 5
47 0 1
48 4 5
49 0 4 1 5
50 0 1
51 0 4 1 5
52 4 5
53 0 1
54 0 4 1 5
55 0 1
56 0 1
57 0 4 1 5
58 0 4 1 5
59 0 4 1 5
60 0 4 1 5
61 0 1
62 0 4 1 5
63 0 1
64 0 4 1 5
65 0 4 1 5
66 0 4 1 5
67 4 5
68 0 4 1 5
69 4 5
70 0 4 1 5
71 4 5
72 0 1
73 4 5
74 0 4 1 5
75 0 4 1 5
76 0 4 1 5
77 0 4 1 5
78 4 5
79 0 4 1 5
80 4 5
81 0 1
82 0 4 1 5
83 4 5
84 0 1
85 0 4 1 5
86 4 5
87 0 4 1 5
88 0 1
89 0 1
90 0 4 1 5
91 4 5
92 4 5
93 0 4 1 5
94 0 4 1 5
95 4 5
96 0 4 1 5
97 0 4 1 5
98 0 1
99 4 5
