JOBS 100
0 TGAMMA 12
1 COPY 84
2 SQRTX 12
3 POW 12
4 TGAMMA 120
5 DOT 84
6 SUM 132
7 SQRTX 48
8 COPY 84
9 SQRTX 12
10 DOT 36
11 DOT 84
12 DOT 84
13 XPY 48
14 POW 36
15 COPY 84
16 TGAMMA 120
17 TGAMMA 60
18 SUM 84
19 POW 12
20 TGAMMA 120
21 SUM 84
22 ERF 12
23 DOT 36
24 POW 24
25 SUM 108
26 POW 24
27 POW 12
28 SUM 108
29 SQRTX 48
30 TGAMMA 120
31 POW 36
32 SQRTX 48
33 ERF 24
34 ERF 24
35 COPY 60
36 SUM 132
37 COPY 60
38 TGAMMA 60
39 DOT 84
40 TGAMMA 60
41 TGAMMA 60
42 DOT 36
43 DOT 36
44 ERF 48
45 POW 36
46 POW 12
47 POW 12
48 ERF 48
49 COPY 84
50 SUM 84
51 TGAMMA 120
52 XPY 60
53 TGAMMA 12
54 TGAMMA 120
55 TGAMMA 60
56 XPY 48
57 SUM 108
58 SUM 132
59 POW 12
60 SUM 84
61 ERF 12
62 DOT 36
63 SUM 132
64 POW 24
65 TGAMMA 12
66 ERF 48
67 ERF 48
68 TGAMMA 60
69 POW 24
70 DOT 36
71 DOT 36
72 SUM 132
73 SQRTX 48
74 POW 36
75 COPY 60
76 ERF 24
77 DOT 84
78 TGAMMA 60
79 TGAMMA 12
80 TGAMMA 60
81 TGAMMA 12
82 POW 12
83 DOT 84
84 DOT 36
85 XPY 60
86 ERF 24
87 COPY 84
88 ERF 24
89 TGAMMA 12
90 ERF 24
91 ERF 24
92 POW 12
93 SUM 132
94 COPY 84
95 SUM 108
96 COPY 60
97 XPY 48
98 XPY 60
99 POW 12
DEPS 101
14 31
31 45
45 74
74 4
4 16
16 20
20 30
30 51
51 54
54 44
44 48
48 66
66 67
67 24
24 26
26 64
64 69
69 1
69 8
1 15
8 49
15 87
49 94
87 5
94 5
5 11
11 12
12 39
39 77
77 83
83 7
7 29
29 32
32 73
73 17
17 38
38 40
40 41
41 55
55 68
68 78
78 80
80 6
6 36
36 58
58 63
63 72
72 93
93 52
52 85
85 98
98 35
98 37
35 75
37 96
75 33
96 33
33 34
34 76
76 86
86 88
88 90
90 91
91 25
25 28
28 57
57 95
95 13
13 56
56 97
97 3
3 19
19 27
27 46
46 47
47 59
59 82
82 92
92 99
99 18
18 21
21 50
50 60
60 10
10 23
23 42
42 43
43 62
62 70
70 71
71 84
84 22
22 61
61 2
2 9
9 0
0 53
53 65
65 79
79 81
81 89
CORES 100
0 0 4 1 5
1 0 1
2 0 4 1 5
3 0 4 1 5
4 0 4 1 5
5 0 4 1 5
6 0 4 1 5
7 0 4 1 5
8 4 5
9 0 4 1 5
10 0 4 1 5
11 0 4 1 5
12 0 4 1 5
13 0 4 1 5
14 0 4 1 5
15 0 1
16 0 4 1 5
17 0 4 1 5
18 0 4 1 5
19 0 4 1 5
20 0 4 1 5
21 0 4 1 5
22 0 4 1 5
23 0 4 1 5
24 0 4 1 5
25 0 4 1 5
26 0 4 1 5
27 0 4 1 5
28 0 4 1 5
29 0 4 1 5
30 0 4 1 5
31 0 4 1 5
32 0 4 1 5
33 0 4 1 5
34 0 4 1 5
35 0 1
36 0 4 1 5
37 4 5
38 0 4 1 5
39 0 4 1 5
40 0 4 1 5
41 0 4 1 5
42 0 4 1 5
43 0 4 1 5
44 0 4 1 5
45 0 4 1 5
46 0 4 1 5
47 0 4 1 5
48 0 4 1 5
49 4 5
50 0 4 1 5
51 0 4 1 5
52 0 4 1 5
53 0 4 1 5
54 0 4 1 5
55 0 4 1 5
56 0 4 1 5
57 0 4 1 5
58 0 4 1 5
59 0 4 1 5
60 0 4 1 5
61 0 4 1 5
62 0 4 1 5
63 0 4 1 5
64 0 4 1 5
65 0 4 1 5
66 0 4 1 5
67 0 4 1 5
68 0 4 1 5
69 0 4 1 5
70 0 4 1 5
71 0 4 1 5
72 0 4 1 5
73 0 4 1 5
74 0 4 1 5
75 0 1
76 0 4 1 5
77 0 4 1 5
78 0 4 1 5
79 0 4 1 5
80 0 4 1 5
81 0 4 1 5
82 0 4 1 5
83 0 4 1 5
84 0 4 1 5
85 0 4 1 5
86 0 4 1 5
87 0 1
88 0 4 1 5
89 0 4 1 5
90 0 4 1 5
91 0 4 1 5
92 0 4 1 5
93 0 4 1 5
94 4 5
95 0 4 1 5
96 4 5
97 0 4 1 5
98 0 4 1 5
99 0 4 1 5
