JOBS 100
0 SUM 84
1 POW 24
2 COPY 60
3 SUM 108
4 TGAMMA 120
5 TGAMMA 60
6 SUM 108
7 SUM 84
8 COPY 84
9 SQRTX 48
10 DOT 36
11 DOT 84
12 SUM 132
13 DOT 84
14 DOT 36
15 POW 36
16 DOT 84
17 ERF 12
18 POW 36
19 ERF 24
20 POW 36
21 ERF 12
22 XPY 60
23 COPY 84
24 ERF 24
25 XPY 60
26 XPY 60
27 POW 12
28 SQRTX 48
29 SUM 108
30 DOT 36
31 ERF 48
32 XPY 48
33 POW 24
34 TGAMMA 120
35 SQRTX 48
36 COPY 60
37 XPY 60
38 XPY 48
39 SUM 84
40 XPY 48
41 ERF 48
42 XPY 60
43 XPY 48
44 DOT 36
45 ERF 48
46 SQRTX 48
47 SQRTX 12
48 SQRTX 48
49 POW 36
50 ERF 12
51 SQRTX 48
52 TGAMMA 12
53 ERF 24
54 POW 36
55 POW 12
56 COPY 60
57 SQRTX 12
58 POW 36
59 POW 36
60 POW 12
61 TGAMMA 120
62 COPY 60
63 TGAMMA 12
64 ERF 12
65 COPY 84
66 TGAMMA 120
67 ERF 48
68 ERF 48
69 TGAMMA 12
70 SUM 108
71 ERF 48
72 SUM 84
73 COPY 60
74 SQRTX 12
75 COPY 60
76 ERF 24
77 DOT 84
78 ERF 48
79 SUM 84
80 SQRTX 48
81 DOT 36
82 ERF 12
83 ERF 24
84 DOT 36
85 SQRTX 48
86 SUM 108
87 SQRTX 48
88 POW 24
89 TGAMMA 60
90 POW 36
91 XPY 60
92 POW 24
93 SUM 132
94 TGAMMA 60
95 ERF 12
96 SUM 108
97 POW 36
98 ERF 12
99 DOT 84
DEPS 99
15 18
18 20
20 49
49 54
54 58
58 59
59 90
90 97
97 4
4 34
34 61
61 66
66 31
31 41
41 45
45 67
67 68
68 71
71 78
78 1
1 33
33 88
88 92
92 8
92 23
8 65
23 11
11 13
65 16
13 77
16 99
77 9
99 28
9 35
28 46
35 48
46 51
48 80
51 85
80 87
85 5
87 89
5 94
89 12
94 93
12 22
93 25
22 26
25 37
26 42
37 91
42 2
91 36
2 56
36 62
56 73
62 75
73 19
75 24
19 53
24 76
53 83
76 3
83 6
3 29
6 70
29 86
70 96
86 32
96 38
32 40
38 43
40 27
43 55
27 60
55 0
60 7
0 39
7 72
39 79
72 10
10 14
79 30
14 44
30 81
44 84
81 17
17 21
84 50
21 64
50 82
64 95
82 98
95 47
98 57
47 74
57 52
74 63
52 69
CORES 100
0 4 5
1 0 4 1 5
2 4 5
3 0 1
4 0 4 1 5
5 0 1
6 4 5
7 0 1
8 0 1
9 4 5
10 0 1
11 4 5
12 4 5
13 4 5
14 0 1
15 0 4 1 5
16 0 1
17 4 5
18 0 4 1 5
19 4 5
20 0 4 1 5
21 4 5
22 4 5
23 4 5
24 0 1
25 0 1
26 4 5
27 0 1
28 0 1
29 0 1
30 4 5
31 0 4 1 5
32 0 1
33 0 4 1 5
34 0 4 1 5
35 4 5
36 0 1
37 0 1
38 4 5
39 4 5
40 0 1
41 0 4 1 5
42 4 5
43 4 5
44 0 1
45 0 4 1 5
46 0 1
47 4 5
48 4 5
49 0 4 1 5
50 0 1
51 0 1
52 0 1
53 4 5
54 0 4 1 5
55 4 5
56 4 5
57 0 1
58 0 4 1 5
59 0 4 1 5
60 0 1
61 0 4 1 5
62 0 1
63 4 5
64 4 5
65 0 1
66 0 4 1 5
67 0 4 1 5
68 0 4 1 5
69 0 1
70 4 5
71 0 4 1 5
72 0 1
73 4 5
74 4 5
75 0 1
76 0 1
77 4 5
78 0 4 1 5
79 4 5
80 4 5
81 4 5
82 0 1
83 4 5
84 0 1
85 0 1
86 0 1
87 4 5
88 0 4 1 5
89 4 5
90 0 4 1 5
91 0 1
92 0 4 1 5
93 0 1
94 0 1
95 4 5
96 4 5
97 0 4 1 5
98 0 1
99 0 1
