JOBS 100
0 TGAMMA 60
1 TGAMMA 120
2 TGAMMA 60
3 TGAMMA 120
4 TGAMMA 120
5 TGAMMA 60
6 TGAMMA 60
7 TGAMMA 60
8 TGAMMA 12
9 TGAMMA 60
10 TGAMMA 120
11 TGAMMA 60
12 TGAMMA 12
13 TGAMMA 120
14 TGAMMA 120
15 TGAMMA 60
16 TGAMMA 120
17 TGAMMA 12
18 TGAMMA 60
19 TGAMMA 12
20 TGAMMA 120
21 TGAMMA 120
22 TGAMMA 12
23 TGAMMA 60
24 TGAMMA 60
25 TGAMMA 12
26 TGAMMA 60
27 TGAMMA 12
28 TGAMMA 60
29 TGAMMA 12
30 TGAMMA 12
31 TGAMMA 60
32 TGAMMA 12
33 TGAMMA 120
34 TGAMMA 12
35 TGAMMA 12
36 TGAMMA 60
37 TGAMMA 120
38 TGAMMA 120
39 TGAMMA 12
40 TGAMMA 60
41 TGAMMA 12
42 TGAMMA 120
43 TGAMMA 12
44 TGAMMA 120
45 TGAMMA 12
46 TGAMMA 60
47 TGAMMA 120
48 TGAMMA 12
49 TGAMMA 60
50 TGAMMA 60
51 TGAMMA 60
52 TGAMMA 12
53 TGAMMA 60
54 TGAMMA 60
55 TGAMMA 60
56 TGAMMA 60
57 TGAMMA 60
58 TGAMMA 12
59 TGAMMA 120
60 TGAMMA 60
61 TGAMMA 120
62 TGAMMA 60
63 TGAMMA 120
64 TGAMMA 120
65 TGAMMA 12
66 TGAMMA 120
67 TGAMMA 60
68 TGAMMA 60
69 TGAMMA 60
70 TGAMMA 60
71 TGAMMA 120
72 TGAMMA 60
73 COPY 84
74 DOT 84
75 SUM 132
76 DOT 36
77 DOT 36
78 SUM 132
79 COPY 84
80 XPY 48
81 XPY 60
82 SUM 108
83 COPY 84
84 SUM 84
85 SUM 132
86 DOT 84
87 SUM 84
88 SUM 132
89 SUM 84
90 XPY 60
91 COPY 84
92 SUM 84
93 XPY 60
94 XPY 60
95 SUM 132
96 SUM 84
97 XPY 48
98 SUM 84
99 SUM 108
DEPS 98
0 1
1 2
2 3
3 4
4 5
5 6
6 7
7 8
8 9
9 10
10 11
11 12
12 13
13 14
14 15
15 16
16 17
17 18
18 19
19 20
20 21
21 22
22 23
23 24
24 25
25 26
26 27
27 28
28 29
29 30
30 31
31 32
32 33
33 34
34 35
35 36
36 37
37 38
38 39
39 40
40 41
41 42
42 43
43 44
44 45
45 46
46 47
47 48
48 49
49 50
50 51
51 52
52 53
53 54
54 55
55 56
56 57
57 58
58 59
59 60
60 61
61 62
62 63
63 64
64 65
65 66
66 67
67 68
68 69
69 70
70 71
71 72
73 74
74 75
75 76
76 77
77 78
78 79
79 80
80 81
81 82
82 83
83 84
84 85
85 86
86 87
87 88
88 89
89 90
90 91
91 92
92 93
93 94
94 95
95 96
96 97
97 98
98 99
ORDER 100
73
0
1
2
3
74
4
75
5
6
7
76
8
9
10
77
78
11
12
13
79
14
15
16
80
17
18
19
20
81
21
22
82
23
24
25
26
83
27
28
29
30
31
32
33
84
34
35
85
36
37
38
86
39
40
41
42
87
43
44
88
45
46
47
89
48
90
49
50
51
52
53
91
54
55
56
57
92
58
59
93
60
61
94
62
63
64
95
65
66
96
67
68
97
69
70
71
98
72
99
MODES 100
0 3
1 3
2 3
3 3
4 3
5 3
6 3
7 3
8 3
9 3
10 3
11 3
12 3
13 3
14 3
15 3
16 3
17 3
18 3
19 3
20 3
21 3
22 3
23 3
24 3
25 3
26 3
27 3
28 3
29 3
30 3
31 3
32 3
33 3
34 3
35 3
36 3
37 3
38 3
39 3
40 3
41 3
42 3
43 3
44 3
45 3
46 3
47 3
48 3
49 3
50 3
51 3
52 3
53 3
54 3
55 3
56 3
57 3
58 3
59 3
60 3
61 3
62 3
63 3
64 3
65 3
66 3
67 3
68 3
69 3
70 3
71 3
72 3
73 1
74 1
75 1
76 1
77 1
78 1
79 1
80 1
81 1
82 1
83 1
84 1
85 1
86 1
87 1
88 1
89 1
90 1
91 1
92 1
93 1
94 1
95 1
96 1
97 1
98 1
99 1
