JOBS 100
0 TGAMMA 12
1 TGAMMA 60
2 TGAMMA 12
3 TGAMMA 12
4 TGAMMA 60
5 TGAMMA 120
6 TGAMMA 12
7 TGAMMA 12
8 TGAMMA 120
9 TGAMMA 12
10 TGAMMA 12
11 TGAMMA 12
12 TGAMMA 120
13 TGAMMA 120
14 TGAMMA 12
15 TGAMMA 60
16 TGAMMA 120
17 TGAMMA 60
18 TGAMMA 120
19 TGAMMA 120
20 TGAMMA 12
21 TGAMMA 120
22 TGAMMA 120
23 TGAMMA 60
24 TGAMMA 60
25 TGAMMA 120
26 TGAMMA 120
27 TGAMMA 120
28 TGAMMA 12
29 TGAMMA 120
30 TGAMMA 12
31 TGAMMA 60
32 TGAMMA 12
33 TGAMMA 12
34 TGAMMA 120
35 TGAMMA 60
36 TGAMMA 60
37 TGAMMA 60
38 TGAMMA 120
39 TGAMMA 60
40 TGAMMA 12
41 TGAMMA 120
42 TGAMMA 60
43 TGAMMA 60
44 TGAMMA 60
45 TGAMMA 12
46 TGAMMA 12
47 TGAMMA 120
48 TGAMMA 12
49 TGAMMA 60
50 TGAMMA 12
51 TGAMMA 12
52 TGAMMA 60
53 TGAMMA 60
54 TGAMMA 120
55 TGAMMA 120
56 TGAMMA 120
57 TGAMMA 120
58 TGAMMA 12
59 TGAMMA 60
60 TGAMMA 120
61 TGAMMA 60
62 TGAMMA 60
63 TGAMMA 12
64 TGAMMA 60
65 TGAMMA 60
66 TGAMMA 12
67 TGAMMA 120
68 TGAMMA 60
69 TGAMMA 120
70 TGAMMA 12
71 TGAMMA 60
72 TGAMMA 120
73 XPY 48
74 XPY 48
75 DOT 36
76 XPY 48
77 XPY 60
78 SUM 132
79 COPY 60
80 SUM 132
81 COPY 84
82 XPY 60
83 XPY 60
84 COPY 60
85 XPY 48
86 COPY 60
87 COPY 60
88 COPY 84
89 XPY 60
90 SUM 84
91 COPY 60
92 XPY 48
93 DOT 36
94 DOT 36
95 COPY 60
96 COPY 84
97 DOT 36
98 SUM 132
99 SUM 132
DEPS 98
0 1
1 2
2 3
3 4
4 5
5 6
6 7
7 8
8 9
9 10
10 11
11 12
12 13
13 14
14 15
15 16
16 17
17 18
18 19
19 20
20 21
21 22
22 23
23 24
24 25
25 26
26 27
27 28
28 29
29 30
30 31
31 32
32 33
33 34
34 35
35 36
36 37
37 38
38 39
39 40
40 41
41 42
42 43
43 44
44 45
45 46
46 47
47 48
48 49
49 50
50 51
51 52
52 53
53 54
54 55
55 56
56 57
57 58
58 59
59 60
60 61
61 62
62 63
63 64
64 65
65 66
66 67
67 68
68 69
69 70
70 71
71 72
73 74
74 75
75 76
76 77
77 78
78 79
79 80
80 81
81 82
82 83
83 84
84 85
85 86
86 87
87 88
88 89
89 90
90 91
91 92
92 93
93 94
94 95
95 96
96 97
97 98
98 99
ORDER 100
73
0
1
2
3
4
5
74
6
7
8
75
9
10
11
76
12
13
77
14
15
16
78
17
18
79
19
20
21
80
22
81
23
24
25
82
26
27
83
28
29
30
31
84
32
33
34
85
35
36
37
86
38
39
87
40
41
42
88
43
44
45
46
47
89
48
49
50
51
52
90
53
54
91
55
92
56
57
93
58
59
94
60
95
61
62
96
63
64
65
66
67
97
68
98
69
70
71
99
72
MODES 100
0 3
1 3
2 3
3 3
4 3
5 3
6 3
7 3
8 3
9 3
10 3
11 3
12 3
13 3
14 3
15 3
16 3
17 3
18 3
19 3
20 3
21 3
22 3
23 3
24 3
25 3
26 3
27 3
28 3
29 3
30 3
31 3
32 3
33 3
34 3
35 3
36 3
37 3
38 3
39 3
40 3
41 3
42 3
43 3
44 3
45 3
46 3
47 3
48 3
49 3
50 3
51 3
52 3
53 3
54 3
55 3
56 3
57 3
58 3
59 3
60 3
61 3
62 3
63 3
64 3
65 3
66 3
67 3
68 3
69 3
70 3
71 3
72 3
73 1
74 1
75 1
76 1
77 1
78 1
79 1
80 1
81 1
82 1
83 1
84 1
85 1
86 1
87 1
88 1
89 1
90 1
91 1
92 1
93 1
94 1
95 1
96 1
97 1
98 1
99 1
