JOBS 100
0 TGAMMA 60
1 TGAMMA 60
2 TGAMMA 12
3 TGAMMA 60
4 TGAMMA 120
5 TGAMMA 12
6 TGAMMA 12
7 TGAMMA 120
8 TGAMMA 60
9 TGAMMA 60
10 TGAMMA 120
11 TGAMMA 12
12 TGAMMA 120
13 TGAMMA 60
14 TGAMMA 120
15 TGAMMA 12
16 TGAMMA 12
17 TGAMMA 60
18 TGAMMA 120
19 TGAMMA 60
20 TGAMMA 120
21 TGAMMA 12
22 TGAMMA 120
23 TGAMMA 60
24 TGAMMA 60
25 TGAMMA 120
26 TGAMMA 120
27 TGAMMA 120
28 TGAMMA 60
29 TGAMMA 120
30 TGAMMA 120
31 TGAMMA 12
32 TGAMMA 120
33 TGAMMA 120
34 TGAMMA 12
35 TGAMMA 120
36 TGAMMA 60
37 TGAMMA 12
38 TGAMMA 120
39 TGAMMA 120
40 TGAMMA 12
41 TGAMMA 12
42 TGAMMA 12
43 TGAMMA 12
44 TGAMMA 60
45 TGAMMA 120
46 TGAMMA 60
47 TGAMMA 60
48 TGAMMA 120
49 TGAMMA 60
50 TGAMMA 120
51 TGAMMA 12
52 TGAMMA 60
53 TGAMMA 120
54 TGAMMA 120
55 TGAMMA 12
56 TGAMMA 12
57 TGAMMA 60
58 TGAMMA 12
59 TGAMMA 120
60 TGAMMA 12
61 TGAMMA 60
62 TGAMMA 12
63 TGAMMA 120
64 TGAMMA 12
65 TGAMMA 120
66 TGAMMA 12
67 TGAMMA 12
68 TGAMMA 12
69 TGAMMA 120
70 TGAMMA 120
71 TGAMMA 60
72 SUM 108
73 COPY 60
74 XPY 60
75 SUM 108
76 SUM 84
77 COPY 84
78 SUM 132
79 XPY 48
80 COPY 60
81 SUM 132
82 DOT 84
83 SUM 84
84 DOT 36
85 SUM 84
86 SUM 132
87 DOT 84
88 XPY 48
89 SUM 84
90 SUM 84
91 DOT 36
92 XPY 48
93 COPY 84
94 SUM 108
95 XPY 60
96 COPY 84
97 COPY 84
98 SUM 132
99 COPY 60
DEPS 98
0 1
1 2
2 3
3 4
4 5
5 6
6 7
7 8
8 9
9 10
10 11
11 12
12 13
13 14
14 15
15 16
16 17
17 18
18 19
19 20
20 21
21 22
22 23
23 24
24 25
25 26
26 27
27 28
28 29
29 30
30 31
31 32
32 33
33 34
34 35
35 36
36 37
37 38
38 39
39 40
40 41
41 42
42 43
43 44
44 45
45 46
46 47
47 48
48 49
49 50
50 51
51 52
52 53
53 54
54 55
55 56
56 57
57 58
58 59
59 60
60 61
61 62
62 63
63 64
64 65
65 66
66 67
67 68
68 69
69 70
70 71
72 73
73 74
74 75
75 76
76 77
77 78
78 79
79 80
80 81
81 82
82 83
83 84
84 85
85 86
86 87
87 88
88 89
89 90
90 91
91 92
92 93
93 94
94 95
95 96
96 97
97 98
98 99
ORDER 100
72
0
1
2
3
73
4
5
6
74
7
8
9
75
10
76
11
12
77
13
14
15
16
17
78
18
19
79
20
21
80
22
23
81
24
25
26
82
27
28
83
29
84
30
85
31
32
86
33
87
34
35
36
37
38
88
39
89
40
41
42
43
44
90
45
91
46
47
92
48
93
49
50
51
52
94
53
54
95
55
56
57
58
96
59
60
61
62
63
97
64
65
66
67
68
98
69
70
99
71
MODES 100
0 3
1 3
2 3
3 3
4 3
5 3
6 3
7 3
8 3
9 3
10 3
11 3
12 3
13 3
14 3
15 3
16 3
17 3
18 3
19 3
20 3
21 3
22 3
23 3
24 3
25 3
26 3
27 3
28 3
29 3
30 3
31 3
32 3
33 3
34 3
35 3
36 3
37 3
38 3
39 3
40 3
41 3
42 3
43 3
44 3
45 3
46 3
47 3
48 3
49 3
50 3
51 3
52 3
53 3
54 3
55 3
56 3
57 3
58 3
59 3
60 3
61 3
62 3
63 3
64 3
65 3
66 3
67 3
68 3
69 3
70 3
71 3
72 1
73 1
74 1
75 1
76 1
77 1
78 1
79 1
80 1
81 1
82 1
83 1
84 1
85 1
86 1
87 1
88 1
89 1
90 1
91 1
92 1
93 1
94 1
95 1
96 1
97 1
98 1
99 1
