JOBS 100
0 TGAMMA 60
1 TGAMMA 120
2 TGAMMA 12
3 TGAMMA 120
4 TGAMMA 120
5 TGAMMA 60
6 TGAMMA 12
7 TGAMMA 120
8 TGAMMA 60
9 TGAMMA 120
10 TGAMMA 120
11 TGAMMA 12
12 TGAMMA 60
13 TGAMMA 12
14 TGAMMA 120
15 TGAMMA 60
16 TGAMMA 120
17 TGAMMA 12
18 TGAMMA 12
19 TGAMMA 120
20 TGAMMA 60
21 TGAMMA 60
22 TGAMMA 12
23 TGAMMA 120
24 TGAMMA 60
25 TGAMMA 60
26 TGAMMA 60
27 TGAMMA 120
28 TGAMMA 120
29 TGAMMA 12
30 TGAMMA 120
31 TGAMMA 12
32 TGAMMA 120
33 TGAMMA 120
34 TGAMMA 60
35 TGAMMA 120
36 TGAMMA 60
37 TGAMMA 120
38 TGAMMA 12
39 TGAMMA 60
40 TGAMMA 120
41 TGAMMA 120
42 TGAMMA 60
43 TGAMMA 120
44 TGAMMA 60
45 TGAMMA 120
46 TGAMMA 60
47 TGAMMA 120
48 TGAMMA 120
49 TGAMMA 120
50 TGAMMA 60
51 TGAMMA 120
52 TGAMMA 120
53 TGAMMA 60
54 TGAMMA 12
55 TGAMMA 120
56 TGAMMA 60
57 TGAMMA 60
58 TGAMMA 12
59 TGAMMA 12
60 TGAMMA 60
61 TGAMMA 12
62 TGAMMA 12
63 TGAMMA 12
64 TGAMMA 60
65 TGAMMA 60
66 TGAMMA 12
67 TGAMMA 120
68 TGAMMA 12
69 DOT 84
70 SUM 108
71 SUM 84
72 DOT 36
73 DOT 84
74 DOT 36
75 XPY 60
76 DOT 84
77 SUM 108
78 XPY 60
79 SUM 132
80 COPY 84
81 XPY 60
82 SUM 84
83 SUM 84
84 SUM 132
85 SUM 108
86 COPY 60
87 SUM 108
88 DOT 36
89 COPY 60
90 SUM 108
91 SUM 132
92 COPY 84
93 DOT 36
94 SUM 84
95 DOT 36
96 DOT 36
97 SUM 108
98 COPY 84
99 DOT 84
DEPS 98
0 1
1 2
2 3
3 4
4 5
5 6
6 7
7 8
8 9
9 10
10 11
11 12
12 13
13 14
14 15
15 16
16 17
17 18
18 19
19 20
20 21
21 22
22 23
23 24
24 25
25 26
26 27
27 28
28 29
29 30
30 31
31 32
32 33
33 34
34 35
35 36
36 37
37 38
38 39
39 40
40 41
41 42
42 43
43 44
44 45
45 46
46 47
47 48
48 49
49 50
50 51
51 52
52 53
53 54
54 55
55 56
56 57
57 58
58 59
59 60
60 61
61 62
62 63
63 64
64 65
65 66
66 67
67 68
69 70
70 71
71 72
72 73
73 74
74 75
75 76
76 77
77 78
78 79
79 80
80 81
81 82
82 83
83 84
84 85
85 86
86 87
87 88
88 89
89 90
90 91
91 92
92 93
93 94
94 95
95 96
96 97
97 98
98 99
ORDER 100
69
0
1
2
3
70
4
71
5
6
7
72
73
8
9
10
74
11
12
75
13
14
15
76
16
17
18
19
77
20
21
78
22
23
24
79
25
26
27
80
28
29
30
81
31
32
82
33
83
34
35
84
36
37
85
38
39
40
86
41
87
42
43
88
44
89
45
46
90
47
48
91
49
92
50
51
52
93
53
94
54
55
95
56
57
96
58
59
60
97
61
62
63
64
65
98
66
67
68
99
MODES 100
0 3
1 3
2 3
3 3
4 3
5 3
6 3
7 3
8 3
9 3
10 3
11 3
12 3
13 3
14 3
15 3
16 3
17 3
18 3
19 3
20 3
21 3
22 3
23 3
24 3
25 3
26 3
27 3
28 3
29 3
30 3
31 3
32 3
33 3
34 3
35 3
36 3
37 3
38 3
39 3
40 3
41 3
42 3
43 3
44 3
45 3
46 3
47 3
48 3
49 3
50 3
51 3
52 3
53 3
54 3
55 3
56 3
57 3
58 3
59 3
60 3
61 3
62 3
63 3
64 3
65 3
66 3
67 3
68 3
69 1
70 1
71 1
72 1
73 1
74 1
75 1
76 1
77 1
78 1
79 1
80 1
81 1
82 1
83 1
84 1
85 1
86 1
87 1
88 1
89 1
90 1
91 1
92 1
93 1
94 1
95 1
96 1
97 1
98 1
99 4
