JOBS 100
0 SUM 84
1 POW 36
2 DOT 36
3 COPY 84
4 DOT 84
5 TGAMMA 60
6 ERF 48
7 XPY 48
8 POW 12
9 POW 24
10 COPY 60
11 SUM 84
12 TGAMMA 60
13 POW 36
14 POW 24
15 POW 12
16 TGAMMA 120
17 SQRTX 12
18 TGAMMA 120
19 TGAMMA 60
20 SUM 108
21 POW 24
22 DOT 36
23 POW 24
24 TGAMMA 12
25 POW 36
26 XPY 48
27 TGAMMA 12
28 TGAMMA 12
29 TGAMMA 60
30 SQRTX 12
31 POW 24
32 ERF 12
33 XPY 48
34 POW 12
35 TGAMMA 120
36 SUM 84
37 TGAMMA 12
38 SUM 132
39 TGAMMA 12
40 ERF 24
41 COPY 60
42 POW 36
43 POW 24
44 TGAMMA 120
45 TGAMMA 60
46 TGAMMA 120
47 ERF 12
48 TGAMMA 12
49 TGAMMA 12
50 TGAMMA 12
51 TGAMMA 12
52 SUM 84
53 POW 12
54 SUM 84
55 TGAMMA 120
56 POW 36
57 POW 12
58 TGAMMA 60
59 POW 24
60 TGAMMA 60
61 TGAMMA 120
62 POW 12
63 POW 24
64 POW 24
65 TGAMMA 60
66 SQRTX 48
67 DOT 36
68 DOT 84
69 TGAMMA 60
70 POW 12
71 TGAMMA 12
72 POW 24
73 SQRTX 48
74 TGAMMA 60
75 TGAMMA 60
76 POW 12
77 TGAMMA 120
78 ERF 24
79 TGAMMA 12
80 POW 12
81 DOT 36
82 POW 12
83 COPY 60
84 POW 36
85 DOT 84
86 POW 12
87 SUM 108
88 ERF 12
89 POW 12
90 DOT 84
91 POW 24
92 POW 24
93 POW 36
94 POW 12
95 COPY 60
96 COPY 84
97 POW 36
98 TGAMMA 60
99 TGAMMA 60
DEPS 98
0 2
1 3
2 4
3 5
4 6
5 7
6 8
7 9
8 10
9 11
10 12
11 13
12 14
13 15
14 16
15 17
16 18
17 19
18 20
19 21
20 22
21 23
22 24
23 25
24 26
25 27
26 28
27 29
28 30
29 31
30 32
31 33
32 34
33 35
34 36
35 37
36 38
37 39
38 40
39 41
40 42
41 43
42 44
43 45
44 46
45 47
46 48
47 49
48 50
49 51
50 52
51 53
52 54
53 55
54 56
55 57
56 58
57 59
58 60
59 61
60 62
61 63
62 64
63 65
64 66
65 67
66 68
67 69
68 70
69 71
70 72
71 73
72 74
73 75
74 76
75 77
76 78
77 79
78 80
79 81
80 82
81 83
82 84
83 85
84 86
85 87
86 88
87 89
88 90
89 91
90 92
91 93
92 94
93 95
94 96
95 97
96 98
97 99
