JOBS 100
0 DOT 84
1 SUM 108
2 SUM 84
3 SUM 108
4 COPY 84
5 COPY 84
6 XPY 48
7 COPY 60
8 DOT 36
9 TGAMMA 120
10 DOT 36
11 DOT 36
12 XPY 60
13 DOT 84
14 DOT 36
15 XPY 48
16 XPY 60
17 DOT 84
18 DOT 36
19 SUM 108
20 XPY 60
21 COPY 84
22 DOT 84
23 XPY 48
24 SUM 132
25 XPY 60
26 SUM 108
27 DOT 84
28 COPY 84
29 SUM 108
30 SUM 108
31 SUM 84
32 SUM 108
33 COPY 60
34 COPY 60
35 DOT 36
36 SUM 132
37 COPY 84
38 SUM 108
39 DOT 36
40 SUM 132
41 SUM 108
42 SUM 84
43 XPY 48
44 DOT 36
45 SUM 132
46 COPY 84
47 SUM 84
48 SUM 132
49 DOT 36
50 SUM 84
51 POW 24
52 XPY 48
53 DOT 84
54 COPY 60
55 SUM 132
56 SUM 84
57 SUM 108
58 POW 12
59 TGAMMA 60
60 DOT 36
61 TGAMMA 12
62 COPY 60
63 DOT 36
64 XPY 48
65 XPY 48
66 COPY 84
67 XPY 60
68 DOT 36
69 SUM 108
70 COPY 84
71 SUM 84
72 DOT 84
73 POW 24
74 COPY 84
75 SUM 132
76 SUM 108
77 XPY 60
78 SUM 84
79 SUM 84
80 SUM 84
81 TGAMMA 60
82 COPY 84
83 TGAMMA 60
84 TGAMMA 60
85 TGAMMA 60
86 SUM 108
87 SUM 132
88 SUM 108
89 COPY 60
90 SUM 84
91 DOT 84
92 DOT 84
93 SUM 84
94 COPY 60
95 SUM 132
96 XPY 60
97 SUM 108
98 COPY 84
99 SUM 108
DEPS 98
0 2
1 3
2 4
3 5
4 6
5 7
6 8
7 9
8 10
9 11
10 12
11 13
12 14
13 15
14 16
15 17
16 18
17 19
18 20
19 21
20 22
21 23
22 24
23 25
24 26
25 27
26 28
27 29
28 30
29 31
30 32
31 33
32 34
33 35
34 36
35 37
36 38
37 39
38 40
39 41
40 42
41 43
42 44
43 45
44 46
45 47
46 48
47 49
48 50
49 51
50 52
51 53
52 54
53 55
54 56
55 57
56 58
57 59
58 60
59 61
60 62
61 63
62 64
63 65
64 66
65 67
66 68
67 69
68 70
69 71
70 72
71 73
72 74
73 75
74 76
75 77
76 78
77 79
78 80
79 81
80 82
81 83
82 84
83 85
84 86
85 87
86 88
87 89
88 90
89 91
90 92
91 93
92 94
93 95
94 96
95 97
96 98
97 99
