JOBS 100
0 XPY 48
1 SUM 84
2 COPY 84
3 COPY 60
4 TGAMMA 60
5 TGAMMA 120
6 DOT 36
7 POW 24
8 POW 12
9 POW 24
10 POW 24
11 COPY 84
12 DOT 36
13 SUM 84
14 POW 12
15 POW 36
16 DOT 84
17 DOT 36
18 SUM 108
19 XPY 48
20 SUM 132
21 TGAMMA 12
22 POW 12
23 SUM 132
24 POW 24
25 TGAMMA 120
26 TGAMMA 120
27 XPY 60
28 TGAMMA 60
29 TGAMMA 60
30 SUM 108
31 SUM 132
32 POW 36
33 POW 24
34 SQRTX 48
35 COPY 84
36 TGAMMA 60
37 ERF 48
38 SUM 84
39 POW 24
40 DOT 84
41 XPY 60
42 SUM 84
43 POW 24
44 SUM 132
45 TGAMMA 12
46 COPY 60
47 SUM 84
48 POW 24
49 ERF 48
50 DOT 84
51 COPY 84
52 POW 24
53 TGAMMA 120
54 POW 12
55 DOT 36
56 XPY 48
57 TGAMMA 12
58 TGAMMA 120
59 POW 12
60 XPY 60
61 COPY 84
62 DOT 36
63 XPY 60
64 TGAMMA 60
65 SQRTX 48
66 XPY 60
67 ERF 24
68 COPY 84
69 SUM 132
70 SUM 108
71 XPY 60
72 POW 12
73 TGAMMA 12
74 POW 36
75 ERF 12
76 TGAMMA 12
77 ERF 12
78 TGAMMA 60
79 TGAMMA 120
80 POW 24
81 DOT 84
82 XPY 48
83 SUM 84
84 ERF 48
85 ERF 12
86 TGAMMA 60
87 TGAMMA 60
88 POW 24
89 SUM 84
90 POW 12
91 SUM 108
92 TGAMMA 120
93 POW 24
94 TGAMMA 60
95 DOT 84
96 SQRTX 12
97 POW 36
98 SUM 132
99 POW 24
DEPS 98
0 2
1 3
2 4
3 5
4 6
5 7
6 8
7 9
8 10
9 11
10 12
11 13
12 14
13 15
14 16
15 17
16 18
17 19
18 20
19 21
20 22
21 23
22 24
23 25
24 26
25 27
26 28
27 29
28 30
29 31
30 32
31 33
32 34
33 35
34 36
35 37
36 38
37 39
38 40
39 41
40 42
41 43
42 44
43 45
44 46
45 47
46 48
47 49
48 50
49 51
50 52
51 53
52 54
53 55
54 56
55 57
56 58
57 59
58 60
59 61
60 62
61 63
62 64
63 65
64 66
65 67
66 68
67 69
68 70
69 71
70 72
71 73
72 74
73 75
74 76
75 77
76 78
77 79
78 80
79 81
80 82
81 83
82 84
83 85
84 86
85 87
86 88
87 89
88 90
89 91
90 92
91 93
92 94
93 95
94 96
95 97
96 98
97 99
