JOBS 100
0 POW 36
1 TGAMMA 60
2 POW 24
3 POW 36
4 TGAMMA 60
5 POW 24
6 POW 12
7 POW 12
8 POW 24
9 TGAMMA 120
10 POW 36
11 POW 12
12 POW 12
13 POW 12
14 TGAMMA 120
15 POW 12
16 POW 24
17 POW 36
18 TGAMMA 120
19 TGAMMA 60
20 TGAMMA 120
21 POW 36
22 TGAMMA 12
23 POW 36
24 TGAMMA 12
25 POW 36
26 POW 24
27 POW 24
28 TGAMMA 120
29 TGAMMA 12
30 POW 12
31 POW 24
32 TGAMMA 12
33 TGAMMA 60
34 TGAMMA 60
35 TGAMMA 60
36 POW 36
37 POW 36
38 TGAMMA 60
39 TGAMMA 60
40 TGAMMA 120
41 TGAMMA 120
42 TGAMMA 12
43 POW 36
44 TGAMMA 120
45 TGAMMA 60
46 TGAMMA 60
47 POW 12
48 POW 36
49 POW 36
50 POW 12
51 POW 36
52 TGAMMA 120
53 TGAMMA 60
54 POW 12
55 TGAMMA 12
56 TGAMMA 120
57 TGAMMA 12
58 POW 12
59 TGAMMA 60
60 TGAMMA 12
61 POW 24
62 POW 24
63 TGAMMA 120
64 POW 36
65 POW 36
66 TGAMMA 120
67 POW 24
68 TGAMMA 120
69 POW 36
70 POW 24
71 TGAMMA 120
72 POW 12
73 TGAMMA 60
74 TGAMMA 60
75 POW 36
76 POW 12
77 TGAMMA 120
78 TGAMMA 60
79 POW 12
80 POW 36
81 POW 12
82 POW 24
83 TGAMMA 120
84 TGAMMA 120
85 POW 12
86 TGAMMA 60
87 POW 36
88 POW 24
89 POW 36
90 TGAMMA 120
91 POW 12
92 POW 12
93 TGAMMA 12
94 POW 24
95 POW 24
96 TGAMMA 120
97 TGAMMA 60
98 POW 36
99 POW 36
DEPS 98
0 2
1 3
2 4
3 5
4 6
5 7
6 8
7 9
8 10
9 11
10 12
11 13
12 14
13 15
14 16
15 17
16 18
17 19
18 20
19 21
20 22
21 23
22 24
23 25
24 26
25 27
26 28
27 29
28 30
29 31
30 32
31 33
32 34
33 35
34 36
35 37
36 38
37 39
38 40
39 41
40 42
41 43
42 44
43 45
44 46
45 47
46 48
47 49
48 50
49 51
50 52
51 53
52 54
53 55
54 56
55 57
56 58
57 59
58 60
59 61
60 62
61 63
62 64
63 65
64 66
65 67
66 68
67 69
68 70
69 71
70 72
71 73
72 74
73 75
74 76
75 77
76 78
77 79
78 80
79 81
80 82
81 83
82 84
83 85
84 86
85 87
86 88
87 89
88 90
89 91
90 92
91 93
92 94
93 95
94 96
95 97
96 98
97 99
