JOBS 100
0 DOT 84
1 TGAMMA 120
2 ERF 24
3 COPY 60
4 DOT 36
5 SUM 132
6 DOT 36
7 POW 12
8 POW 36
9 TGAMMA 120
10 POW 36
11 SQRTX 48
12 TGAMMA 120
13 TGAMMA 120
14 SUM 108
15 SUM 84
16 COPY 84
17 COPY 60
18 DOT 84
19 COPY 84
20 COPY 60
21 COPY 60
22 DOT 84
23 ERF 48
24 SQRTX 48
25 SUM 84
26 SUM 108
27 ERF 24
28 COPY 84
29 DOT 36
30 POW 24
31 DOT 36
32 POW 24
33 COPY 84
34 COPY 84
35 POW 24
36 XPY 48
37 COPY 84
38 DOT 84
39 SQRTX 12
40 COPY 60
41 COPY 84
42 TGAMMA 60
43 SUM 108
44 XPY 60
45 SUM 108
46 DOT 36
47 XPY 60
48 POW 12
49 DOT 84
50 POW 36
51 DOT 36
52 TGAMMA 120
53 TGAMMA 120
54 DOT 84
55 DOT 36
56 COPY 84
57 XPY 48
58 XPY 48
59 COPY 84
60 COPY 60
61 TGAMMA 60
62 TGAMMA 60
63 SUM 108
64 TGAMMA 120
65 SUM 108
66 SUM 108
67 DOT 84
68 POW 36
69 SUM 108
70 SUM 132
71 DOT 36
72 COPY 60
73 SUM 84
74 COPY 84
75 COPY 84
76 COPY 60
77 SUM 132
78 POW 24
79 COPY 60
80 SUM 84
81 SUM 108
82 TGAMMA 12
83 POW 36
84 ERF 48
85 TGAMMA 120
86 POW 24
87 ERF 48
88 XPY 60
89 SUM 84
90 TGAMMA 60
91 XPY 48
92 COPY 60
93 COPY 84
94 ERF 48
95 COPY 84
96 SUM 132
97 SUM 132
98 ERF 24
99 DOT 84
DEPS 96
0 4
1 5
2 6
3 7
4 8
5 9
6 10
7 11
8 12
9 13
10 14
11 15
12 16
13 17
14 18
15 19
16 20
17 21
18 22
19 23
20 24
21 25
22 26
23 27
24 28
25 29
26 30
27 31
28 32
29 33
30 34
31 35
32 36
33 37
34 38
35 39
36 40
37 41
38 42
39 43
40 44
41 45
42 46
43 47
44 48
45 49
46 50
47 51
48 52
49 53
50 54
51 55
52 56
53 57
54 58
55 59
56 60
57 61
58 62
59 63
60 64
61 65
62 66
63 67
64 68
65 69
66 70
67 71
68 72
69 73
70 74
71 75
72 76
73 77
74 78
75 79
76 80
77 81
78 82
79 83
80 84
81 85
82 86
83 87
84 88
85 89
86 90
87 91
88 92
89 93
90 94
91 95
92 96
93 97
94 98
95 99
