JOBS 100
0 TGAMMA 120
1 ERF 24
2 SQRTX 48
3 TGAMMA 120
4 POW 12
5 POW 36
6 ERF 12
7 POW 12
8 DOT 84
9 ERF 48
10 POW 24
11 POW 24
12 COPY 60
13 TGAMMA 120
14 DOT 36
15 TGAMMA 60
16 TGAMMA 60
17 SUM 84
18 ERF 12
19 POW 36
20 XPY 48
21 ERF 24
22 TGAMMA 12
23 POW 24
24 TGAMMA 60
25 POW 24
26 SUM 108
27 TGAMMA 120
28 TGAMMA 60
29 COPY 84
30 TGAMMA 120
31 TGAMMA 12
32 TGAMMA 120
33 POW 36
34 SUM 84
35 POW 12
36 TGAMMA 60
37 TGAMMA 60
38 POW 36
39 TGAMMA 12
40 POW 24
41 TGAMMA 12
42 POW 36
43 SQRTX 48
44 TGAMMA 120
45 TGAMMA 12
46 SUM 132
47 POW 12
48 ERF 24
49 DOT 84
50 POW 12
51 TGAMMA 12
52 SUM 108
53 COPY 60
54 POW 36
55 POW 36
56 COPY 60
57 DOT 36
58 TGAMMA 60
59 XPY 60
60 POW 36
61 TGAMMA 120
62 POW 12
63 TGAMMA 120
64 TGAMMA 120
65 TGAMMA 12
66 XPY 48
67 DOT 84
68 POW 36
69 POW 24
70 TGAMMA 12
71 TGAMMA 120
72 TGAMMA 12
73 COPY 60
74 TGAMMA 12
75 TGAMMA 60
76 POW 12
77 SUM 108
78 POW 36
79 TGAMMA 120
80 DOT 36
81 COPY 60
82 TGAMMA 120
83 TGAMMA 120
84 POW 12
85 SUM 132
86 TGAMMA 12
87 TGAMMA 12
88 POW 36
89 TGAMMA 120
90 TGAMMA 120
91 TGAMMA 120
92 DOT 36
93 POW 36
94 DOT 84
95 TGAMMA 120
96 XPY 60
97 SQRTX 48
98 ERF 12
99 POW 24
DEPS 96
0 4
1 5
2 6
3 7
4 8
5 9
6 10
7 11
8 12
9 13
10 14
11 15
12 16
13 17
14 18
15 19
16 20
17 21
18 22
19 23
20 24
21 25
22 26
23 27
24 28
25 29
26 30
27 31
28 32
29 33
30 34
31 35
32 36
33 37
34 38
35 39
36 40
37 41
38 42
39 43
40 44
41 45
42 46
43 47
44 48
45 49
46 50
47 51
48 52
49 53
50 54
51 55
52 56
53 57
54 58
55 59
56 60
57 61
58 62
59 63
60 64
61 65
62 66
63 67
64 68
65 69
66 70
67 71
68 72
69 73
70 74
71 75
72 76
73 77
74 78
75 79
76 80
77 81
78 82
79 83
80 84
81 85
82 86
83 87
84 88
85 89
86 90
87 91
88 92
89 93
90 94
91 95
92 96
93 97
94 98
95 99
