JOBS 100
0 DOT 84
1 SUM 108
2 DOT 36
3 XPY 48
4 COPY 84
5 POW 12
6 DOT 36
7 XPY 60
8 COPY 60
9 DOT 84
10 COPY 84
11 XPY 48
12 TGAMMA 12
13 DOT 84
14 TGAMMA 60
15 XPY 60
16 SUM 84
17 SUM 108
18 POW 12
19 SUM 108
20 DOT 84
21 SUM 132
22 XPY 60
23 COPY 84
24 XPY 60
25 XPY 60
26 COPY 84
27 SUM 132
28 COPY 60
29 SUM 84
30 COPY 84
31 XPY 60
32 SUM 132
33 SUM 108
34 COPY 60
35 TGAMMA 120
36 SUM 108
37 XPY 60
38 COPY 60
39 SUM 84
40 DOT 36
41 DOT 36
42 DOT 36
43 SUM 84
44 SUM 132
45 SUM 132
46 XPY 48
47 SUM 132
48 SUM 132
49 XPY 48
50 DOT 36
51 COPY 84
52 DOT 36
53 POW 12
54 DOT 36
55 COPY 84
56 XPY 48
57 XPY 48
58 SUM 108
59 SUM 84
60 SUM 84
61 SUM 84
62 DOT 36
63 DOT 36
64 SUM 108
65 SUM 108
66 SUM 84
67 COPY 60
68 DOT 36
69 SUM 84
70 XPY 48
71 TGAMMA 120
72 SUM 132
73 TGAMMA 12
74 DOT 36
75 DOT 36
76 COPY 60
77 XPY 48
78 XPY 48
79 SUM 132
80 XPY 60
81 TGAMMA 60
82 XPY 48
83 SUM 132
84 XPY 48
85 XPY 60
86 TGAMMA 12
87 SUM 132
88 COPY 84
89 SUM 132
90 XPY 48
91 SUM 84
92 XPY 60
93 DOT 36
94 SUM 108
95 DOT 36
96 COPY 60
97 SUM 108
98 COPY 84
99 DOT 84
DEPS 96
0 4
1 5
2 6
3 7
4 8
5 9
6 10
7 11
8 12
9 13
10 14
11 15
12 16
13 17
14 18
15 19
16 20
17 21
18 22
19 23
20 24
21 25
22 26
23 27
24 28
25 29
26 30
27 31
28 32
29 33
30 34
31 35
32 36
33 37
34 38
35 39
36 40
37 41
38 42
39 43
40 44
41 45
42 46
43 47
44 48
45 49
46 50
47 51
48 52
49 53
50 54
51 55
52 56
53 57
54 58
55 59
56 60
57 61
58 62
59 63
60 64
61 65
62 66
63 67
64 68
65 69
66 70
67 71
68 72
69 73
70 74
71 75
72 76
73 77
74 78
75 79
76 80
77 81
78 82
79 83
80 84
81 85
82 86
83 87
84 88
85 89
86 90
87 91
88 92
89 93
90 94
91 95
92 96
93 97
94 98
95 99
