JOBS 100
0 POW 36
1 POW 12
2 POW 24
3 POW 24
4 POW 24
5 TGAMMA 12
6 POW 24
7 POW 24
8 POW 24
9 POW 36
10 TGAMMA 60
11 POW 36
12 TGAMMA 12
13 TGAMMA 120
14 TGAMMA 12
15 TGAMMA 120
16 TGAMMA 120
17 TGAMMA 120
18 TGAMMA 12
19 TGAMMA 120
20 POW 36
21 POW 12
22 POW 24
23 TGAMMA 60
24 TGAMMA 120
25 POW 36
26 TGAMMA 60
27 TGAMMA 12
28 POW 24
29 TGAMMA 60
30 POW 36
31 TGAMMA 60
32 POW 24
33 POW 12
34 POW 36
35 TGAMMA 120
36 POW 36
37 TGAMMA 60
38 TGAMMA 60
39 TGAMMA 120
40 TGAMMA 60
41 TGAMMA 120
42 TGAMMA 60
43 POW 24
44 POW 36
45 POW 36
46 POW 36
47 POW 36
48 TGAMMA 120
49 POW 24
50 POW 36
51 POW 12
52 POW 24
53 POW 12
54 TGAMMA 60
55 TGAMMA 12
56 TGAMMA 60
57 POW 36
58 POW 36
59 TGAMMA 120
60 TGAMMA 12
61 POW 12
62 TGAMMA 60
63 POW 12
64 TGAMMA 60
65 TGAMMA 120
66 TGAMMA 60
67 POW 12
68 POW 24
69 TGAMMA 120
70 POW 24
71 TGAMMA 12
72 POW 24
73 TGAMMA 120
74 POW 12
75 POW 36
76 TGAMMA 12
77 TGAMMA 60
78 POW 36
79 TGAMMA 12
80 TGAMMA 60
81 TGAMMA 60
82 TGAMMA 60
83 POW 12
84 POW 36
85 TGAMMA 120
86 POW 36
87 POW 36
88 POW 12
89 TGAMMA 120
90 POW 24
91 POW 36
92 POW 12
93 POW 12
94 POW 12
95 POW 24
96 POW 36
97 TGAMMA 60
98 POW 24
99 POW 36
DEPS 97
0 3
1 4
2 5
3 6
4 7
5 8
6 9
7 10
8 11
9 12
10 13
11 14
12 15
13 16
14 17
15 18
16 19
17 20
18 21
19 22
20 23
21 24
22 25
23 26
24 27
25 28
26 29
27 30
28 31
29 32
30 33
31 34
32 35
33 36
34 37
35 38
36 39
37 40
38 41
39 42
40 43
41 44
42 45
43 46
44 47
45 48
46 49
47 50
48 51
49 52
50 53
51 54
52 55
53 56
54 57
55 58
56 59
57 60
58 61
59 62
60 63
61 64
62 65
63 66
64 67
65 68
66 69
67 70
68 71
69 72
70 73
71 74
72 75
73 76
74 77
75 78
76 79
77 80
78 81
79 82
80 83
81 84
82 85
83 86
84 87
85 88
86 89
87 90
88 91
89 92
90 93
91 94
92 95
93 96
94 97
95 98
96 99
