JOBS 100
0 SUM 132
1 SQRTX 12
2 SUM 108
3 XPY 48
4 POW 12
5 POW 12
6 SUM 108
7 TGAMMA 60
8 POW 12
9 TGAMMA 12
10 XPY 48
11 COPY 84
12 POW 36
13 POW 36
14 POW 24
15 DOT 36
16 POW 24
17 POW 24
18 TGAMMA 120
19 SUM 132
20 SUM 84
21 POW 36
22 SUM 108
23 SUM 108
24 DOT 36
25 COPY 60
26 COPY 60
27 POW 36
28 ERF 48
29 SUM 108
30 SUM 108
31 TGAMMA 60
32 TGAMMA 60
33 COPY 60
34 DOT 36
35 XPY 48
36 XPY 48
37 TGAMMA 60
38 ERF 12
39 POW 12
40 TGAMMA 60
41 TGAMMA 12
42 POW 12
43 SQRTX 12
44 COPY 60
45 XPY 60
46 SUM 108
47 POW 36
48 POW 12
49 TGAMMA 12
50 TGAMMA 120
51 XPY 60
52 TGAMMA 120
53 TGAMMA 12
54 SQRTX 12
55 SUM 132
56 SUM 84
57 POW 12
58 POW 36
59 POW 12
60 XPY 48
61 COPY 60
62 SUM 84
63 POW 12
64 POW 12
65 DOT 36
66 DOT 84
67 SQRTX 12
68 DOT 84
69 XPY 48
70 DOT 84
71 SUM 84
72 POW 24
73 DOT 84
74 DOT 36
75 TGAMMA 12
76 XPY 60
77 COPY 84
78 ERF 24
79 TGAMMA 120
80 DOT 36
81 TGAMMA 12
82 ERF 48
83 SUM 108
84 ERF 48
85 SQRTX 48
86 POW 36
87 TGAMMA 120
88 TGAMMA 120
89 SUM 132
90 DOT 36
91 TGAMMA 120
92 XPY 48
93 TGAMMA 60
94 POW 24
95 TGAMMA 60
96 TGAMMA 12
97 TGAMMA 120
98 DOT 36
99 POW 12
DEPS 96
0 4
1 5
2 6
3 7
4 8
5 9
6 10
7 11
8 12
9 13
10 14
11 15
12 16
13 17
14 18
15 19
16 20
17 21
18 22
19 23
20 24
21 25
22 26
23 27
24 28
25 29
26 30
27 31
28 32
29 33
30 34
31 35
32 36
33 37
34 38
35 39
36 40
37 41
38 42
39 43
40 44
41 45
42 46
43 47
44 48
45 49
46 50
47 51
48 52
49 53
50 54
51 55
52 56
53 57
54 58
55 59
56 60
57 61
58 62
59 63
60 64
61 65
62 66
63 67
64 68
65 69
66 70
67 71
68 72
69 73
70 74
71 75
72 76
73 77
74 78
75 79
76 80
77 81
78 82
79 83
80 84
81 85
82 86
83 87
84 88
85 89
86 90
87 91
88 92
89 93
90 94
91 95
92 96
93 97
94 98
95 99
