JOBS 100
0 SUM 108
1 TGAMMA 12
2 COPY 60
3 SUM 84
4 TGAMMA 12
5 XPY 48
6 XPY 60
7 COPY 84
8 SUM 84
9 DOT 36
10 DOT 36
11 TGAMMA 12
12 SQRTX 12
13 SUM 132
14 COPY 84
15 SUM 132
16 TGAMMA 60
17 TGAMMA 120
18 SQRTX 12
19 COPY 60
20 ERF 48
21 SUM 108
22 DOT 36
23 POW 12
24 SUM 84
25 COPY 60
26 TGAMMA 120
27 DOT 36
28 DOT 36
29 DOT 84
30 POW 12
31 ERF 48
32 POW 24
33 SUM 108
34 TGAMMA 12
35 DOT 84
36 DOT 36
37 XPY 48
38 SUM 132
39 ERF 24
40 DOT 36
41 DOT 36
42 SUM 108
43 POW 36
44 COPY 60
45 POW 36
46 SUM 132
47 SUM 84
48 TGAMMA 60
49 SUM 84
50 SUM 108
51 COPY 60
52 SUM 108
53 SUM 108
54 TGAMMA 120
55 TGAMMA 120
56 SUM 84
57 POW 12
58 POW 36
59 XPY 48
60 POW 12
61 SUM 132
62 DOT 84
63 DOT 84
64 ERF 24
65 XPY 48
66 SUM 132
67 SUM 132
68 XPY 60
69 TGAMMA 12
70 SQRTX 48
71 DOT 84
72 ERF 12
73 SQRTX 48
74 DOT 36
75 POW 12
76 XPY 48
77 DOT 36
78 TGAMMA 60
79 DOT 84
80 XPY 48
81 DOT 36
82 POW 36
83 SUM 108
84 TGAMMA 60
85 TGAMMA 120
86 SUM 84
87 DOT 84
88 SQRTX 48
89 SUM 132
90 SUM 84
91 COPY 84
92 POW 12
93 XPY 48
94 SUM 132
95 COPY 84
96 SUM 84
97 SUM 108
98 XPY 60
99 DOT 36
DEPS 98
0 2
1 3
2 4
3 5
4 6
5 7
6 8
7 9
8 10
9 11
10 12
11 13
12 14
13 15
14 16
15 17
16 18
17 19
18 20
19 21
20 22
21 23
22 24
23 25
24 26
25 27
26 28
27 29
28 30
29 31
30 32
31 33
32 34
33 35
34 36
35 37
36 38
37 39
38 40
39 41
40 42
41 43
42 44
43 45
44 46
45 47
46 48
47 49
48 50
49 51
50 52
51 53
52 54
53 55
54 56
55 57
56 58
57 59
58 60
59 61
60 62
61 63
62 64
63 65
64 66
65 67
66 68
67 69
68 70
69 71
70 72
71 73
72 74
73 75
74 76
75 77
76 78
77 79
78 80
79 81
80 82
81 83
82 84
83 85
84 86
85 87
86 88
87 89
88 90
89 91
90 92
91 93
92 94
93 95
94 96
95 97
96 98
97 99
