JOBS 100
0 XPY 48
1 COPY 84
2 SUM 84
3 POW 36
4 TGAMMA 120
5 SUM 84
6 SUM 108
7 SUM 84
8 DOT 36
9 COPY 60
10 POW 24
11 COPY 60
12 DOT 84
13 SUM 108
14 SUM 108
15 SUM 108
16 XPY 60
17 SUM 84
18 XPY 60
19 DOT 36
20 XPY 48
21 SUM 132
22 TGAMMA 12
23 SUM 108
24 DOT 84
25 SUM 132
26 XPY 48
27 DOT 36
28 SUM 108
29 DOT 84
30 SUM 84
31 SUM 132
32 POW 12
33 SUM 84
34 XPY 60
35 DOT 36
36 SUM 132
37 DOT 36
38 SUM 132
39 SUM 84
40 COPY 84
41 COPY 84
42 DOT 84
43 DOT 36
44 COPY 60
45 SUM 108
46 TGAMMA 12
47 TGAMMA 60
48 DOT 84
49 DOT 84
50 SUM 132
51 SUM 108
52 DOT 84
53 SUM 108
54 XPY 48
55 COPY 84
56 SUM 84
57 COPY 84
58 SUM 108
59 DOT 84
60 SUM 108
61 COPY 60
62 COPY 84
63 COPY 84
64 XPY 60
65 DOT 84
66 DOT 84
67 SUM 108
68 TGAMMA 12
69 SUM 108
70 COPY 84
71 SUM 132
72 SUM 84
73 SUM 132
74 XPY 60
75 XPY 60
76 XPY 60
77 COPY 60
78 DOT 36
79 COPY 60
80 COPY 60
81 DOT 36
82 XPY 60
83 DOT 84
84 SUM 84
85 SUM 84
86 DOT 84
87 DOT 36
88 TGAMMA 120
89 SUM 108
90 SUM 84
91 COPY 60
92 DOT 84
93 SUM 108
94 POW 24
95 DOT 36
96 DOT 36
97 XPY 48
98 SUM 108
99 DOT 36
DEPS 130
0 3
2 3
0 4
0 5
4 6
5 7
5 8
4 8
7 9
8 10
6 11
8 11
10 12
9 12
10 13
9 14
10 14
12 15
14 15
12 16
12 17
15 18
16 19
15 20
19 21
18 21
18 22
19 22
18 23
22 24
23 25
23 26
21 26
26 27
25 27
25 28
25 29
26 29
27 30
29 31
29 32
31 33
31 34
32 35
35 36
34 37
33 37
34 38
38 39
36 39
37 40
38 41
39 42
40 43
41 44
42 45
44 45
44 46
43 46
42 47
43 47
46 48
47 48
46 49
46 50
48 51
49 51
49 52
50 53
51 54
53 54
51 55
51 56
56 57
55 58
55 59
58 60
59 60
57 61
59 61
57 62
60 63
62 64
61 65
60 65
65 66
64 67
65 67
63 68
68 69
68 70
67 70
67 71
68 71
69 72
70 73
71 73
69 74
72 75
74 75
73 76
72 77
77 78
76 79
75 79
75 80
79 81
78 82
79 83
83 84
82 85
83 85
82 86
85 87
84 88
86 88
86 89
89 90
88 90
88 91
89 92
92 93
92 94
91 94
91 95
94 96
93 97
95 98
93 98
96 99
