JOBS 100
0 COPY 60
1 TGAMMA 60
2 ERF 24
3 COPY 60
4 XPY 48
5 TGAMMA 60
6 COPY 84
7 POW 12
8 XPY 60
9 TGAMMA 60
10 POW 12
11 TGAMMA 12
12 XPY 60
13 ERF 48
14 POW 12
15 POW 24
16 COPY 60
17 SQRTX 48
18 POW 12
19 DOT 36
20 COPY 84
21 POW 12
22 SUM 84
23 COPY 60
24 SQRTX 12
25 POW 36
26 POW 12
27 XPY 60
28 TGAMMA 120
29 TGAMMA 120
30 TGAMMA 60
31 TGAMMA 60
32 ERF 12
33 ERF 48
34 TGAMMA 60
35 POW 24
36 POW 24
37 TGAMMA 12
38 POW 36
39 POW 12
40 TGAMMA 120
41 POW 36
42 DOT 84
43 TGAMMA 60
44 TGAMMA 60
45 POW 24
46 POW 12
47 XPY 60
48 POW 12
49 DOT 84
50 DOT 36
51 POW 24
52 POW 36
53 TGAMMA 120
54 COPY 60
55 TGAMMA 120
56 TGAMMA 12
57 TGAMMA 60
58 POW 12
59 COPY 84
60 POW 36
61 ERF 48
62 TGAMMA 12
63 POW 36
64 POW 36
65 POW 24
66 COPY 60
67 TGAMMA 120
68 POW 36
69 TGAMMA 12
70 TGAMMA 120
71 POW 24
72 POW 36
73 POW 24
74 POW 24
75 TGAMMA 12
76 POW 36
77 SQRTX 12
78 SUM 132
79 COPY 84
80 ERF 12
81 DOT 36
82 POW 36
83 POW 36
84 SUM 132
85 POW 24
86 POW 24
87 POW 36
88 TGAMMA 12
89 POW 36
90 SUM 108
91 SQRTX 48
92 POW 36
93 POW 12
94 TGAMMA 12
95 TGAMMA 12
96 POW 36
97 TGAMMA 120
98 SUM 108
99 POW 24
DEPS 142
1 3
2 4
2 5
4 6
5 6
4 7
3 7
4 8
7 9
7 10
6 10
7 11
11 12
9 12
11 13
9 13
10 14
13 15
14 16
13 17
16 18
15 18
17 19
16 19
17 20
16 20
19 21
18 21
20 22
19 22
19 23
20 23
23 24
22 24
22 25
22 26
26 27
26 28
24 29
26 29
28 30
27 30
29 31
28 32
29 32
31 33
32 34
32 35
33 36
35 36
34 37
35 38
33 38
38 39
36 39
36 40
36 41
38 41
41 42
39 42
39 43
40 44
42 45
44 46
43 46
42 47
44 47
45 48
47 48
45 49
46 49
46 50
47 50
49 51
50 52
50 53
51 54
53 54
51 55
53 56
51 56
56 57
56 58
54 59
55 59
59 60
58 61
57 62
58 62
62 63
61 63
62 64
61 64
62 65
65 66
63 67
65 68
64 68
66 69
67 70
66 70
66 71
69 72
70 72
69 73
69 74
70 74
72 75
72 76
72 77
74 77
75 78
76 78
76 79
75 79
77 80
78 81
79 81
80 82
78 83
82 84
81 85
81 86
82 86
84 87
86 88
84 88
84 89
86 89
87 90
89 91
88 92
90 93
91 94
92 94
90 95
93 96
93 97
95 97
93 98
95 98
97 99
