JOBS 100
0 POW 12
1 TGAMMA 120
2 DOT 36
3 POW 12
4 POW 36
5 TGAMMA 60
6 TGAMMA 12
7 XPY 60
8 TGAMMA 12
9 ERF 12
10 POW 36
11 POW 36
12 DOT 36
13 POW 24
14 COPY 60
15 COPY 84
16 TGAMMA 60
17 SUM 132
18 SUM 132
19 ERF 24
20 TGAMMA 12
21 TGAMMA 60
22 COPY 84
23 SUM 132
24 TGAMMA 12
25 TGAMMA 12
26 ERF 12
27 TGAMMA 60
28 TGAMMA 120
29 SUM 108
30 SUM 108
31 XPY 48
32 TGAMMA 120
33 SUM 132
34 POW 12
35 COPY 60
36 POW 36
37 TGAMMA 60
38 COPY 60
39 SUM 84
40 ERF 12
41 POW 36
42 POW 12
43 XPY 60
44 POW 24
45 TGAMMA 12
46 COPY 84
47 DOT 36
48 SUM 84
49 SUM 84
50 XPY 48
51 SUM 108
52 DOT 84
53 POW 24
54 DOT 84
55 POW 36
56 TGAMMA 12
57 XPY 48
58 SUM 132
59 SUM 108
60 TGAMMA 120
61 COPY 84
62 DOT 36
63 TGAMMA 12
64 ERF 24
65 COPY 60
66 SQRTX 48
67 TGAMMA 12
68 TGAMMA 12
69 SQRTX 48
70 DOT 84
71 POW 36
72 ERF 24
73 ERF 24
74 TGAMMA 120
75 POW 12
76 XPY 60
77 TGAMMA 120
78 SUM 132
79 XPY 48
80 TGAMMA 120
81 TGAMMA 60
82 COPY 84
83 POW 36
84 COPY 60
85 SQRTX 48
86 POW 12
87 DOT 36
88 SUM 132
89 TGAMMA 120
90 POW 36
91 SUM 132
92 DOT 84
93 POW 24
94 SUM 84
95 TGAMMA 120
96 DOT 36
97 TGAMMA 12
98 DOT 36
99 DOT 36
DEPS 96
1 0
2 0
3 1
4 1
5 2
6 2
7 3
8 3
9 4
10 4
11 5
12 5
13 6
14 6
15 7
16 7
17 8
18 8
19 9
20 9
21 10
22 10
23 11
24 11
26 25
27 25
28 26
29 26
30 27
31 27
32 28
33 28
34 29
35 29
36 30
37 30
38 31
39 31
40 32
41 32
42 33
43 33
44 34
45 34
46 35
47 35
48 36
49 36
51 50
52 50
53 51
54 51
55 52
56 52
57 53
58 53
59 54
60 54
61 55
62 55
63 56
64 56
65 57
66 57
67 58
68 58
69 59
70 59
71 60
72 60
73 61
74 61
76 75
77 75
78 76
79 76
80 77
81 77
82 78
83 78
84 79
85 79
86 80
87 80
88 81
89 81
90 82
91 82
92 83
93 83
94 84
95 84
96 85
97 85
98 86
99 86
