JOBS 100
0 POW 24
1 SQRTX 12
2 SQRTX 48
3 XPY 48
4 POW 36
5 TGAMMA 120
6 TGAMMA 60
7 POW 24
8 TGAMMA 60
9 TGAMMA 120
10 POW 24
11 POW 24
12 DOT 36
13 SUM 108
14 POW 24
15 POW 24
16 POW 36
17 POW 24
18 COPY 84
19 POW 36
20 POW 24
21 ERF 48
22 POW 24
23 ERF 48
24 TGAMMA 12
25 POW 24
26 SUM 108
27 SUM 108
28 POW 12
29 POW 24
30 POW 24
31 POW 24
32 XPY 48
33 TGAMMA 12
34 POW 12
35 POW 24
36 TGAMMA 60
37 POW 12
38 SUM 132
39 ERF 12
40 TGAMMA 12
41 POW 24
42 POW 36
43 COPY 84
44 TGAMMA 60
45 POW 12
46 POW 12
47 POW 24
48 TGAMMA 60
49 POW 24
50 POW 36
51 COPY 60
52 TGAMMA 60
53 COPY 60
54 POW 24
55 COPY 60
56 SQRTX 12
57 TGAMMA 12
58 TGAMMA 120
59 ERF 48
60 DOT 36
61 POW 12
62 POW 12
63 XPY 60
64 TGAMMA 12
65 COPY 60
66 POW 36
67 XPY 60
68 TGAMMA 60
69 COPY 84
70 COPY 84
71 TGAMMA 12
72 SUM 84
73 TGAMMA 120
74 TGAMMA 60
75 POW 36
76 XPY 60
77 POW 12
78 ERF 48
79 POW 24
80 POW 24
81 POW 12
82 SQRTX 48
83 TGAMMA 60
84 SUM 108
85 TGAMMA 60
86 XPY 48
87 POW 36
88 TGAMMA 60
89 POW 36
90 TGAMMA 60
91 TGAMMA 120
92 POW 36
93 POW 12
94 XPY 60
95 POW 12
96 POW 24
97 SUM 132
98 SQRTX 12
99 XPY 60
DEPS 96
1 0
2 0
3 1
4 1
5 2
6 2
7 3
8 3
9 4
10 4
11 5
12 5
13 6
14 6
15 7
16 7
17 8
18 8
19 9
20 9
21 10
22 10
23 11
24 11
26 25
27 25
28 26
29 26
30 27
31 27
32 28
33 28
34 29
35 29
36 30
37 30
38 31
39 31
40 32
41 32
42 33
43 33
44 34
45 34
46 35
47 35
48 36
49 36
51 50
52 50
53 51
54 51
55 52
56 52
57 53
58 53
59 54
60 54
61 55
62 55
63 56
64 56
65 57
66 57
67 58
68 58
69 59
70 59
71 60
72 60
73 61
74 61
76 75
77 75
78 76
79 76
80 77
81 77
82 78
83 78
84 79
85 79
86 80
87 80
88 81
89 81
90 82
91 82
92 83
93 83
94 84
95 84
96 85
97 85
98 86
99 86
