JOBS 100
0 TGAMMA 24
1 TGAMMA 12
2 TGAMMA 60
3 TGAMMA 96
4 TGAMMA 84
5 TGAMMA 120
6 TGAMMA 84
7 TGAMMA 72
8 TGAMMA 72
9 TGAMMA 60
10 TGAMMA 12
11 TGAMMA 72
12 TGAMMA 24
13 TGAMMA 84
14 TGAMMA 108
15 TGAMMA 120
16 TGAMMA 12
17 TGAMMA 60
18 TGAMMA 72
19 TGAMMA 48
20 TGAMMA 36
21 TGAMMA 12
22 TGAMMA 84
23 TGAMMA 96
24 TGAMMA 60
25 TGAMMA 60
26 TGAMMA 96
27 TGAMMA 96
28 TGAMMA 60
29 TGAMMA 108
30 TGAMMA 12
31 TGAMMA 120
32 TGAMMA 96
33 TGAMMA 36
34 TGAMMA 12
35 TGAMMA 12
36 TGAMMA 12
37 TGAMMA 60
38 TGAMMA 60
39 TGAMMA 108
40 TGAMMA 72
41 TGAMMA 36
42 TGAMMA 12
43 TGAMMA 24
44 TGAMMA 84
45 TGAMMA 12
46 TGAMMA 96
47 TGAMMA 96
48 TGAMMA 72
49 TGAMMA 72
50 TGAMMA 120
51 TGAMMA 108
52 TGAMMA 72
53 TGAMMA 12
54 TGAMMA 72
55 TGAMMA 60
56 TGAMMA 84
57 TGAMMA 96
58 TGAMMA 120
59 TGAMMA 108
60 TGAMMA 60
61 TGAMMA 12
62 TGAMMA 84
63 TGAMMA 24
64 TGAMMA 24
65 TGAMMA 96
66 TGAMMA 60
67 TGAMMA 72
68 TGAMMA 108
69 DOT 36
70 DOT 36
71 DOT 84
72 XPY 48
73 SUM 132
74 SUM 132
75 SUM 108
76 XPY 60
77 SUM 108
78 SUM 84
79 SUM 108
80 SUM 132
81 DOT 36
82 SUM 108
83 DOT 36
84 COPY 60
85 SUM 108
86 SUM 132
87 DOT 36
88 XPY 48
89 XPY 60
90 DOT 84
91 DOT 84
92 COPY 84
93 XPY 60
94 SUM 84
95 SUM 108
96 DOT 84
97 SUM 108
98 DOT 84
99 XPY 48
DEPS 98
0 1
1 2
2 3
3 4
4 5
5 6
6 7
7 8
8 9
9 10
10 11
11 12
12 13
13 14
14 15
15 16
16 17
17 18
18 19
19 20
20 21
21 22
22 23
23 24
24 25
25 26
26 27
27 28
28 29
29 30
30 31
31 32
32 33
33 34
34 35
35 36
36 37
37 38
38 39
39 40
40 41
41 42
42 43
43 44
44 45
45 46
46 47
47 48
48 49
49 50
50 51
51 52
52 53
53 54
54 55
55 56
56 57
57 58
58 59
59 60
60 61
61 62
62 63
63 64
64 65
65 66
66 67
67 68
69 70
70 71
71 72
72 73
73 74
74 75
75 76
76 77
77 78
78 79
79 80
80 81
81 82
82 83
83 84
84 85
85 86
86 87
87 88
88 89
89 90
90 91
91 92
92 93
93 94
94 95
95 96
96 97
97 98
98 99
ORDER 100
69
0
1
2
3
70
4
71
5
6
72
7
8
73
9
10
11
12
74
13
14
75
15
16
17
76
18
19
20
21
77
22
23
78
24
25
79
26
27
80
28
29
81
30
31
82
32
83
33
34
35
84
36
37
38
39
85
40
41
86
42
43
44
45
46
87
47
88
48
49
89
50
51
90
52
53
54
55
91
56
57
58
92
59
60
93
61
62
63
64
65
94
66
67
95
68
96
97
98
99
MODES 100
0 3
1 3
2 3
3 3
4 3
5 3
6 3
7 3
8 3
9 3
10 3
11 3
12 3
13 3
14 3
15 3
16 3
17 3
18 3
19 3
20 3
21 3
22 3
23 3
24 3
25 3
26 3
27 3
28 3
29 3
30 3
31 3
32 3
33 3
34 3
35 3
36 3
37 3
38 3
39 3
40 3
41 3
42 3
43 3
44 3
45 3
46 3
47 3
48 3
49 3
50 3
51 3
52 3
53 3
54 3
55 3
56 3
57 3
58 3
59 3
60 3
61 3
62 3
63 3
64 3
65 3
66 3
67 3
68 3
69 1
70 1
71 1
72 1
73 1
74 1
75 1
76 1
77 1
78 1
79 1
80 1
81 1
82 1
83 1
84 1
85 1
86 1
87 1
88 1
89 1
90 1
91 1
92 1
93 1
94 1
95 1
96 1
97 4
98 4
99 4
