JOBS 100
0 TGAMMA 24
1 TGAMMA 24
2 TGAMMA 24
3 TGAMMA 24
4 TGAMMA 24
5 TGAMMA 24
6 TGAMMA 24
7 TGAMMA 24
8 TGAMMA 24
9 TGAMMA 24
10 TGAMMA 24
11 TGAMMA 24
12 TGAMMA 24
13 TGAMMA 24
14 TGAMMA 24
15 TGAMMA 24
16 TGAMMA 24
17 TGAMMA 24
18 TGAMMA 24
19 TGAMMA 24
20 TGAMMA 24
21 TGAMMA 24
22 TGAMMA 24
23 TGAMMA 24
24 TGAMMA 24
25 TGAMMA 24
26 TGAMMA 24
27 TGAMMA 24
28 TGAMMA 24
29 TGAMMA 24
30 TGAMMA 24
31 TGAMMA 24
32 TGAMMA 24
33 TGAMMA 24
34 TGAMMA 24
35 TGAMMA 24
36 TGAMMA 24
37 TGAMMA 24
38 TGAMMA 24
39 TGAMMA 24
40 TGAMMA 24
41 TGAMMA 24
42 TGAMMA 24
43 TGAMMA 24
44 TGAMMA 24
45 TGAMMA 24
46 TGAMMA 24
47 TGAMMA 24
48 TGAMMA 24
49 TGAMMA 24
50 TGAMMA 24
51 TGAMMA 24
52 TGAMMA 24
53 TGAMMA 24
54 TGAMMA 24
55 TGAMMA 24
56 TGAMMA 24
57 TGAMMA 24
58 TGAMMA 24
59 TGAMMA 24
60 TGAMMA 24
61 TGAMMA 24
62 TGAMMA 24
63 TGAMMA 24
64 TGAMMA 24
65 TGAMMA 24
66 TGAMMA 24
67 TGAMMA 24
68 TGAMMA 24
69 TGAMMA 24
70 TGAMMA 24
71 TGAMMA 24
72 TGAMMA 24
73 TGAMMA 24
74 TGAMMA 24
75 TGAMMA 24
76 TGAMMA 24
77 TGAMMA 24
78 TGAMMA 24
79 TGAMMA 24
80 TGAMMA 24
81 TGAMMA 24
82 TGAMMA 24
83 TGAMMA 24
84 TGAMMA 24
85 TGAMMA 24
86 TGAMMA 24
87 TGAMMA 24
88 TGAMMA 24
89 DOT 84
90 DOT 84
91 DOT 84
92 DOT 84
93 DOT 84
94 DOT 84
95 DOT 84
96 DOT 84
97 DOT 84
98 DOT 84
99 DOT 84
DEPS 98
0 1
1 2
2 3
3 4
4 5
5 6
6 7
7 8
8 9
9 10
10 11
11 12
12 13
13 14
14 15
15 16
16 17
17 18
18 19
19 20
20 21
21 22
22 23
23 24
24 25
25 26
26 27
27 28
28 29
29 30
30 31
31 32
32 33
33 34
34 35
35 36
36 37
37 38
38 39
39 40
40 41
41 42
42 43
43 44
44 45
45 46
46 47
47 48
48 49
49 50
50 51
51 52
52 53
53 54
54 55
55 56
56 57
57 58
58 59
59 60
60 61
61 62
62 63
63 64
64 65
65 66
66 67
67 68
68 69
69 70
70 71
71 72
72 73
73 74
74 75
75 76
76 77
77 78
78 79
79 80
80 81
81 82
82 83
83 84
84 85
85 86
86 87
87 88
89 90
90 91
91 92
92 93
93 94
94 95
95 96
96 97
97 98
98 99
ORDER 100
89
0
1
2
3
4
5
6
7
8
9
90
10
11
12
13
14
15
16
17
18
91
19
20
21
22
23
24
25
26
27
28
92
29
30
31
32
33
34
35
36
37
93
38
39
40
41
42
43
44
45
46
47
94
48
49
50
51
52
53
54
55
56
95
57
58
59
60
61
62
63
64
65
66
96
67
68
69
70
71
72
73
74
75
97
76
77
78
79
80
81
82
83
84
85
98
86
87
88
99
MODES 100
0 3
1 3
2 3
3 3
4 3
5 3
6 3
7 3
8 3
9 3
10 3
11 3
12 3
13 3
14 3
15 3
16 3
17 3
18 3
19 3
20 3
21 3
22 3
23 3
24 3
25 3
26 3
27 3
28 3
29 3
30 3
31 3
32 3
33 3
34 3
35 3
36 3
37 3
38 3
39 3
40 3
41 3
42 3
43 3
44 3
45 3
46 3
47 3
48 3
49 3
50 3
51 3
52 3
53 3
54 3
55 3
56 3
57 3
58 3
59 3
60 3
61 3
62 3
63 3
64 3
65 3
66 3
67 3
68 3
69 3
70 3
71 3
72 3
73 3
74 3
75 3
76 3
77 3
78 3
79 3
80 3
81 3
82 3
83 3
84 3
85 3
86 3
87 3
88 3
89 1
90 1
91 1
92 1
93 1
94 1
95 1
96 1
97 1
98 1
99 4
