JOBS 100
0 TGAMMA 48
1 TGAMMA 48
2 TGAMMA 48
3 TGAMMA 48
4 TGAMMA 48
5 TGAMMA 48
6 TGAMMA 48
7 TGAMMA 48
8 TGAMMA 48
9 TGAMMA 48
10 TGAMMA 48
11 TGAMMA 48
12 TGAMMA 48
13 TGAMMA 48
14 TGAMMA 48
15 TGAMMA 48
16 TGAMMA 48
17 TGAMMA 48
18 TGAMMA 48
19 TGAMMA 48
20 TGAMMA 48
21 TGAMMA 48
22 TGAMMA 48
23 TGAMMA 48
24 TGAMMA 48
25 TGAMMA 48
26 TGAMMA 48
27 TGAMMA 48
28 TGAMMA 48
29 TGAMMA 48
30 TGAMMA 48
31 TGAMMA 48
32 TGAMMA 48
33 TGAMMA 48
34 TGAMMA 48
35 TGAMMA 48
36 TGAMMA 48
37 TGAMMA 48
38 TGAMMA 48
39 TGAMMA 48
40 TGAMMA 48
41 TGAMMA 48
42 TGAMMA 48
43 TGAMMA 48
44 TGAMMA 48
45 TGAMMA 48
46 TGAMMA 48
47 TGAMMA 48
48 TGAMMA 48
49 TGAMMA 48
50 TGAMMA 48
51 TGAMMA 48
52 TGAMMA 48
53 TGAMMA 48
54 TGAMMA 48
55 TGAMMA 48
56 TGAMMA 48
57 TGAMMA 48
58 TGAMMA 48
59 TGAMMA 48
60 TGAMMA 48
61 TGAMMA 48
62 TGAMMA 48
63 TGAMMA 48
64 TGAMMA 48
65 TGAMMA 48
66 TGAMMA 48
67 TGAMMA 48
68 TGAMMA 48
69 TGAMMA 48
70 TGAMMA 48
71 TGAMMA 48
72 TGAMMA 48
73 TGAMMA 48
74 TGAMMA 48
75 TGAMMA 48
76 TGAMMA 48
77 TGAMMA 48
78 TGAMMA 48
79 TGAMMA 48
80 TGAMMA 48
81 COPY 84
82 COPY 84
83 COPY 84
84 COPY 84
85 COPY 84
86 COPY 84
87 COPY 84
88 COPY 84
89 COPY 84
90 COPY 84
91 COPY 84
92 COPY 84
93 COPY 84
94 COPY 84
95 COPY 84
96 COPY 84
97 COPY 84
98 COPY 84
99 COPY 84
DEPS 98
0 1
1 2
2 3
3 4
4 5
5 6
6 7
7 8
8 9
9 10
10 11
11 12
12 13
13 14
14 15
15 16
16 17
17 18
18 19
19 20
20 21
21 22
22 23
23 24
24 25
25 26
26 27
27 28
28 29
29 30
30 31
31 32
32 33
33 34
34 35
35 36
36 37
37 38
38 39
39 40
40 41
41 42
42 43
43 44
44 45
45 46
46 47
47 48
48 49
49 50
50 51
51 52
52 53
53 54
54 55
55 56
56 57
57 58
58 59
59 60
60 61
61 62
62 63
63 64
64 65
65 66
66 67
67 68
68 69
69 70
70 71
71 72
72 73
73 74
74 75
75 76
76 77
77 78
78 79
79 80
81 82
82 83
83 84
84 85
85 86
86 87
87 88
88 89
89 90
90 91
91 92
92 93
93 94
94 95
95 96
96 97
97 98
98 99
ORDER 100
81
0
1
2
3
4
5
82
6
7
8
9
10
83
11
12
13
14
15
84
16
17
18
19
20
85
21
22
23
24
25
86
26
27
28
29
30
87
31
32
33
34
35
88
36
37
38
39
40
89
41
42
43
44
45
90
46
47
48
49
50
91
51
52
53
54
55
92
56
57
58
59
60
93
61
62
63
64
65
94
66
67
68
69
70
95
71
72
73
74
75
96
76
77
78
79
80
97
98
99
MODES 100
0 3
1 3
2 3
3 3
4 3
5 3
6 3
7 3
8 3
9 3
10 3
11 3
12 3
13 3
14 3
15 3
16 3
17 3
18 3
19 3
20 3
21 3
22 3
23 3
24 3
25 3
26 3
27 3
28 3
29 3
30 3
31 3
32 3
33 3
34 3
35 3
36 3
37 3
38 3
39 3
40 3
41 3
42 3
43 3
44 3
45 3
46 3
47 3
48 3
49 3
50 3
51 3
52 3
53 3
54 3
55 3
56 3
57 3
58 3
59 3
60 3
61 3
62 3
63 3
64 3
65 3
66 3
67 3
68 3
69 3
70 3
71 3
72 3
73 3
74 3
75 3
76 3
77 3
78 3
79 3
80 3
81 1
82 1
83 1
84 1
85 1
86 1
87 1
88 1
89 1
90 1
91 1
92 1
93 1
94 1
95 1
96 1
97 1
98 4
99 4
