JOBS 100
0 TGAMMA 108
1 TGAMMA 84
2 TGAMMA 36
3 TGAMMA 24
4 TGAMMA 12
5 TGAMMA 12
6 TGAMMA 84
7 TGAMMA 36
8 TGAMMA 72
9 TGAMMA 72
10 TGAMMA 60
11 TGAMMA 36
12 TGAMMA 96
13 TGAMMA 120
14 TGAMMA 48
15 TGAMMA 12
16 TGAMMA 108
17 TGAMMA 60
18 TGAMMA 24
19 TGAMMA 84
20 TGAMMA 96
21 TGAMMA 60
22 TGAMMA 84
23 TGAMMA 48
24 TGAMMA 120
25 TGAMMA 48
26 TGAMMA 36
27 TGAMMA 36
28 TGAMMA 84
29 TGAMMA 36
30 TGAMMA 120
31 TGAMMA 12
32 TGAMMA 72
33 TGAMMA 48
34 TGAMMA 24
35 TGAMMA 84
36 TGAMMA 108
37 TGAMMA 108
38 TGAMMA 12
39 TGAMMA 96
40 TGAMMA 96
41 TGAMMA 48
42 TGAMMA 12
43 TGAMMA 60
44 TGAMMA 84
45 TGAMMA 12
46 TGAMMA 72
47 TGAMMA 120
48 TGAMMA 72
49 TGAMMA 60
50 TGAMMA 48
51 TGAMMA 84
52 TGAMMA 24
53 TGAMMA 108
54 TGAMMA 72
55 TGAMMA 120
56 TGAMMA 36
57 TGAMMA 48
58 TGAMMA 72
59 TGAMMA 72
60 TGAMMA 12
61 TGAMMA 36
62 TGAMMA 12
63 TGAMMA 84
64 TGAMMA 120
65 TGAMMA 120
66 TGAMMA 108
67 SUM 108
68 SUM 108
69 DOT 36
70 SUM 108
71 SUM 84
72 XPY 48
73 COPY 84
74 DOT 36
75 SUM 84
76 SUM 84
77 SUM 108
78 SUM 84
79 XPY 60
80 XPY 60
81 SUM 108
82 SUM 132
83 DOT 84
84 XPY 48
85 COPY 84
86 XPY 60
87 DOT 36
88 DOT 84
89 XPY 48
90 XPY 48
91 SUM 108
92 SUM 108
93 XPY 60
94 SUM 84
95 DOT 36
96 XPY 60
97 SUM 84
98 XPY 48
99 SUM 84
DEPS 98
0 1
1 2
2 3
3 4
4 5
5 6
6 7
7 8
8 9
9 10
10 11
11 12
12 13
13 14
14 15
15 16
16 17
17 18
18 19
19 20
20 21
21 22
22 23
23 24
24 25
25 26
26 27
27 28
28 29
29 30
30 31
31 32
32 33
33 34
34 35
35 36
36 37
37 38
38 39
39 40
40 41
41 42
42 43
43 44
44 45
45 46
46 47
47 48
48 49
49 50
50 51
51 52
52 53
53 54
54 55
55 56
56 57
57 58
58 59
59 60
60 61
61 62
62 63
63 64
64 65
65 66
67 68
68 69
69 70
70 71
71 72
72 73
73 74
74 75
75 76
76 77
77 78
78 79
79 80
80 81
81 82
82 83
83 84
84 85
85 86
86 87
87 88
88 89
89 90
90 91
91 92
92 93
93 94
94 95
95 96
96 97
97 98
98 99
ORDER 100
67
0
1
68
2
3
4
5
6
69
7
8
70
9
10
71
11
12
72
13
73
14
15
16
17
18
74
19
75
20
21
76
22
77
23
24
78
25
26
27
79
28
29
30
80
31
32
33
34
35
81
36
82
37
38
39
83
40
41
42
43
84
44
45
46
85
47
48
49
86
50
51
52
53
87
54
88
55
56
57
89
58
59
90
60
61
62
63
64
91
65
92
66
93
94
95
96
97
98
99
MODES 100
0 3
1 3
2 3
3 3
4 3
5 3
6 3
7 3
8 3
9 3
10 3
11 3
12 3
13 3
14 3
15 3
16 3
17 3
18 3
19 3
20 3
21 3
22 3
23 3
24 3
25 3
26 3
27 3
28 3
29 3
30 3
31 3
32 3
33 3
34 3
35 3
36 3
37 3
38 3
39 3
40 3
41 3
42 3
43 3
44 3
45 3
46 3
47 3
48 3
49 3
50 3
51 3
52 3
53 3
54 3
55 3
56 3
57 3
58 3
59 3
60 3
61 3
62 3
63 3
64 3
65 3
66 3
67 1
68 1
69 1
70 1
71 1
72 1
73 1
74 1
75 1
76 1
77 1
78 1
79 1
80 1
81 1
82 1
83 1
84 1
85 1
86 1
87 1
88 1
89 1
90 1
91 1
92 1
93 1
94 4
95 4
96 4
97 4
98 4
99 4
