JOBS 100
0 TGAMMA 84
1 TGAMMA 12
2 TGAMMA 60
3 TGAMMA 108
4 TGAMMA 48
5 TGAMMA 48
6 TGAMMA 84
7 TGAMMA 72
8 TGAMMA 84
9 TGAMMA 36
10 TGAMMA 72
11 TGAMMA 36
12 TGAMMA 24
13 TGAMMA 84
14 TGAMMA 36
15 TGAMMA 96
16 TGAMMA 12
17 TGAMMA 120
18 TGAMMA 24
19 TGAMMA 108
20 TGAMMA 60
21 TGAMMA 60
22 TGAMMA 60
23 TGAMMA 120
24 TGAMMA 60
25 TGAMMA 12
26 TGAMMA 60
27 TGAMMA 108
28 TGAMMA 96
29 TGAMMA 108
30 TGAMMA 72
31 TGAMMA 72
32 TGAMMA 72
33 TGAMMA 72
34 TGAMMA 120
35 TGAMMA 120
36 TGAMMA 48
37 TGAMMA 120
38 TGAMMA 36
39 TGAMMA 96
40 TGAMMA 12
41 TGAMMA 60
42 TGAMMA 96
43 TGAMMA 48
44 TGAMMA 12
45 TGAMMA 24
46 TGAMMA 96
47 TGAMMA 120
48 TGAMMA 48
49 TGAMMA 84
50 TGAMMA 72
51 TGAMMA 48
52 TGAMMA 84
53 TGAMMA 84
54 TGAMMA 48
55 TGAMMA 36
56 TGAMMA 96
57 TGAMMA 120
58 TGAMMA 96
59 TGAMMA 36
60 TGAMMA 108
61 TGAMMA 60
62 TGAMMA 12
63 TGAMMA 36
64 TGAMMA 84
65 TGAMMA 108
66 TGAMMA 120
67 SUM 132
68 SUM 84
69 DOT 36
70 DOT 36
71 DOT 36
72 DOT 84
73 SUM 108
74 XPY 48
75 XPY 60
76 XPY 48
77 SUM 132
78 DOT 36
79 DOT 84
80 XPY 60
81 DOT 84
82 XPY 60
83 DOT 36
84 XPY 48
85 COPY 60
86 DOT 84
87 SUM 84
88 SUM 108
89 DOT 84
90 SUM 84
91 SUM 84
92 SUM 84
93 SUM 108
94 COPY 60
95 SUM 108
96 XPY 60
97 XPY 60
98 DOT 84
99 COPY 60
DEPS 98
0 1
1 2
2 3
3 4
4 5
5 6
6 7
7 8
8 9
9 10
10 11
11 12
12 13
13 14
14 15
15 16
16 17
17 18
18 19
19 20
20 21
21 22
22 23
23 24
24 25
25 26
26 27
27 28
28 29
29 30
30 31
31 32
32 33
33 34
34 35
35 36
36 37
37 38
38 39
39 40
40 41
41 42
42 43
43 44
44 45
45 46
46 47
47 48
48 49
49 50
50 51
51 52
52 53
53 54
54 55
55 56
56 57
57 58
58 59
59 60
60 61
61 62
62 63
63 64
64 65
65 66
67 68
68 69
69 70
70 71
71 72
72 73
73 74
74 75
75 76
76 77
77 78
78 79
79 80
80 81
81 82
82 83
83 84
84 85
85 86
86 87
87 88
88 89
89 90
90 91
91 92
92 93
93 94
94 95
95 96
96 97
97 98
98 99
ORDER 100
67
0
1
2
3
68
4
69
5
6
70
7
71
8
72
9
10
11
12
13
73
14
15
74
16
17
18
19
75
20
21
22
76
23
77
24
25
26
27
78
28
79
29
30
80
31
32
33
81
34
35
82
36
37
38
83
39
40
84
41
42
43
85
44
45
46
47
86
48
49
87
50
51
88
52
53
89
54
55
56
57
90
58
91
59
92
60
93
61
62
63
64
94
65
66
95
96
97
98
99
MODES 100
0 3
1 3
2 3
3 3
4 3
5 3
6 3
7 3
8 3
9 3
10 3
11 3
12 3
13 3
14 3
15 3
16 3
17 3
18 3
19 3
20 3
21 3
22 3
23 3
24 3
25 3
26 3
27 3
28 3
29 3
30 3
31 3
32 3
33 3
34 3
35 3
36 3
37 3
38 3
39 3
40 3
41 3
42 3
43 3
44 3
45 3
46 3
47 3
48 3
49 3
50 3
51 3
52 3
53 3
54 3
55 3
56 3
57 3
58 3
59 3
60 3
61 3
62 3
63 3
64 3
65 3
66 3
67 1
68 1
69 1
70 1
71 1
72 1
73 1
74 1
75 1
76 1
77 1
78 1
79 1
80 1
81 1
82 1
83 1
84 1
85 1
86 1
87 1
88 1
89 1
90 1
91 1
92 1
93 1
94 1
95 1
96 4
97 4
98 4
99 4
