JOBS 100
0 TGAMMA 120
1 TGAMMA 120
2 TGAMMA 120
3 TGAMMA 120
4 TGAMMA 120
5 TGAMMA 120
6 TGAMMA 120
7 TGAMMA 120
8 TGAMMA 120
9 TGAMMA 120
10 TGAMMA 120
11 TGAMMA 120
12 TGAMMA 120
13 TGAMMA 120
14 TGAMMA 120
15 TGAMMA 120
16 TGAMMA 120
17 TGAMMA 120
18 TGAMMA 120
19 TGAMMA 120
20 TGAMMA 120
21 TGAMMA 120
22 TGAMMA 120
23 TGAMMA 120
24 TGAMMA 120
25 TGAMMA 120
26 TGAMMA 120
27 TGAMMA 120
28 TGAMMA 120
29 TGAMMA 120
30 TGAMMA 120
31 TGAMMA 120
32 TGAMMA 120
33 TGAMMA 120
34 TGAMMA 120
35 TGAMMA 120
36 TGAMMA 120
37 TGAMMA 120
38 TGAMMA 120
39 TGAMMA 120
40 TGAMMA 120
41 TGAMMA 120
42 TGAMMA 120
43 TGAMMA 120
44 TGAMMA 120
45 TGAMMA 120
46 TGAMMA 120
47 SUM 84
48 SUM 84
49 SUM 84
50 SUM 84
51 SUM 84
52 SUM 84
53 SUM 84
54 SUM 84
55 SUM 84
56 SUM 84
57 SUM 84
58 SUM 84
59 SUM 84
60 SUM 84
61 SUM 84
62 SUM 84
63 SUM 84
64 SUM 84
65 SUM 84
66 SUM 84
67 SUM 84
68 SUM 84
69 SUM 84
70 SUM 84
71 SUM 84
72 SUM 84
73 SUM 84
74 SUM 84
75 SUM 84
76 SUM 84
77 SUM 84
78 SUM 84
79 SUM 84
80 SUM 84
81 SUM 84
82 SUM 84
83 SUM 84
84 SUM 84
85 SUM 84
86 SUM 84
87 SUM 84
88 SUM 84
89 SUM 84
90 SUM 84
91 SUM 84
92 SUM 84
93 SUM 84
94 SUM 84
95 SUM 84
96 SUM 84
97 SUM 84
98 SUM 84
99 SUM 84
DEPS 98
0 1
1 2
2 3
3 4
4 5
5 6
6 7
7 8
8 9
9 10
10 11
11 12
12 13
13 14
14 15
15 16
16 17
17 18
18 19
19 20
20 21
21 22
22 23
23 24
24 25
25 26
26 27
27 28
28 29
29 30
30 31
31 32
32 33
33 34
34 35
35 36
36 37
37 38
38 39
39 40
40 41
41 42
42 43
43 44
44 45
45 46
47 48
48 49
49 50
50 51
51 52
52 53
53 54
54 55
55 56
56 57
57 58
58 59
59 60
60 61
61 62
62 63
63 64
64 65
65 66
66 67
67 68
68 69
69 70
70 71
71 72
72 73
73 74
74 75
75 76
76 77
77 78
78 79
79 80
80 81
81 82
82 83
83 84
84 85
85 86
86 87
87 88
88 89
89 90
90 91
91 92
92 93
93 94
94 95
95 96
96 97
97 98
98 99
ORDER 100
47
0
48
1
49
2
50
3
51
4
52
5
53
6
54
7
55
8
56
9
57
10
58
11
59
12
60
13
61
14
62
15
63
16
64
17
65
18
66
19
67
20
68
21
69
22
70
23
71
24
72
25
73
26
74
27
75
28
76
29
77
30
78
31
79
32
80
33
81
34
82
35
83
36
84
37
85
38
86
39
87
40
88
41
89
42
90
43
91
44
92
45
93
94
46
95
96
97
98
99
MODES 100
0 3
1 3
2 3
3 3
4 3
5 3
6 3
7 3
8 3
9 3
10 3
11 3
12 3
13 3
14 3
15 3
16 3
17 3
18 3
19 3
20 3
21 3
22 3
23 3
24 3
25 3
26 3
27 3
28 3
29 3
30 3
31 3
32 3
33 3
34 3
35 3
36 3
37 3
38 3
39 3
40 3
41 3
42 3
43 3
44 3
45 3
46 3
47 1
48 1
49 1
50 1
51 1
52 1
53 1
54 1
55 1
56 1
57 1
58 1
59 1
60 1
61 1
62 1
63 1
64 1
65 1
66 1
67 1
68 1
69 1
70 1
71 1
72 1
73 1
74 1
75 1
76 1
77 1
78 1
79 1
80 1
81 1
82 1
83 1
84 1
85 1
86 1
87 1
88 1
89 1
90 1
91 1
92 1
93 1
94 1
95 1
96 4
97 4
98 4
99 4
