JOBS 100
0 TGAMMA 120
1 TGAMMA 120
2 TGAMMA 120
3 TGAMMA 120
4 TGAMMA 120
5 TGAMMA 120
6 TGAMMA 120
7 TGAMMA 120
8 TGAMMA 120
9 TGAMMA 120
10 TGAMMA 120
11 TGAMMA 120
12 TGAMMA 120
13 TGAMMA 120
14 TGAMMA 120
15 TGAMMA 120
16 TGAMMA 120
17 TGAMMA 120
18 TGAMMA 120
19 TGAMMA 120
20 TGAMMA 120
21 TGAMMA 120
22 TGAMMA 120
23 TGAMMA 120
24 TGAMMA 120
25 TGAMMA 120
26 TGAMMA 120
27 TGAMMA 120
28 TGAMMA 120
29 TGAMMA 120
30 TGAMMA 120
31 TGAMMA 120
32 TGAMMA 120
33 TGAMMA 120
34 TGAMMA 120
35 TGAMMA 120
36 TGAMMA 120
37 TGAMMA 120
38 TGAMMA 120
39 TGAMMA 120
40 TGAMMA 120
41 TGAMMA 120
42 TGAMMA 120
43 TGAMMA 120
44 TGAMMA 120
45 TGAMMA 120
46 TGAMMA 120
47 TGAMMA 120
48 TGAMMA 120
49 TGAMMA 120
50 TGAMMA 120
51 XPY 48
52 XPY 48
53 XPY 48
54 XPY 48
55 XPY 48
56 XPY 48
57 XPY 48
58 XPY 48
59 XPY 48
60 XPY 48
61 XPY 48
62 XPY 48
63 XPY 48
64 XPY 48
65 XPY 48
66 XPY 48
67 XPY 48
68 XPY 48
69 XPY 48
70 XPY 48
71 XPY 48
72 XPY 48
73 XPY 48
74 XPY 48
75 XPY 48
76 XPY 48
77 XPY 48
78 XPY 48
79 XPY 48
80 XPY 48
81 XPY 48
82 XPY 48
83 XPY 48
84 XPY 48
85 XPY 48
86 XPY 48
87 XPY 48
88 XPY 48
89 XPY 48
90 XPY 48
91 XPY 48
92 XPY 48
93 XPY 48
94 XPY 48
95 XPY 48
96 XPY 48
97 XPY 48
98 XPY 48
99 XPY 48
DEPS 98
0 1
1 2
2 3
3 4
4 5
5 6
6 7
7 8
8 9
9 10
10 11
11 12
12 13
13 14
14 15
15 16
16 17
17 18
18 19
19 20
20 21
21 22
22 23
23 24
24 25
25 26
26 27
27 28
28 29
29 30
30 31
31 32
32 33
33 34
34 35
35 36
36 37
37 38
38 39
39 40
40 41
41 42
42 43
43 44
44 45
45 46
46 47
47 48
48 49
49 50
51 52
52 53
53 54
54 55
55 56
56 57
57 58
58 59
59 60
60 61
61 62
62 63
63 64
64 65
65 66
66 67
67 68
68 69
69 70
70 71
71 72
72 73
73 74
74 75
75 76
76 77
77 78
78 79
79 80
80 81
81 82
82 83
83 84
84 85
85 86
86 87
87 88
88 89
89 90
90 91
91 92
92 93
93 94
94 95
95 96
96 97
97 98
98 99
ORDER 100
51
0
1
52
2
53
3
4
54
5
55
6
7
56
8
57
9
10
58
11
59
12
13
60
14
61
15
16
62
17
63
18
19
64
20
65
21
22
66
23
67
24
25
68
26
69
27
70
28
29
71
30
72
31
32
73
33
74
34
35
75
36
76
37
38
77
39
78
40
41
79
42
80
43
44
81
45
82
46
47
83
48
84
49
50
85
86
87
88
89
90
91
92
93
94
95
96
97
98
99
MODES 100
0 3
1 3
2 3
3 3
4 3
5 3
6 3
7 3
8 3
9 3
10 3
11 3
12 3
13 3
14 3
15 3
16 3
17 3
18 3
19 3
20 3
21 3
22 3
23 3
24 3
25 3
26 3
27 3
28 3
29 3
30 3
31 3
32 3
33 3
34 3
35 3
36 3
37 3
38 3
39 3
40 3
41 3
42 3
43 3
44 3
45 3
46 3
47 3
48 3
49 3
50 3
51 1
52 1
53 1
54 1
55 1
56 1
57 1
58 1
59 1
60 1
61 1
62 1
63 1
64 1
65 1
66 1
67 1
68 1
69 1
70 1
71 1
72 1
73 1
74 1
75 1
76 1
77 1
78 1
79 1
80 1
81 1
82 1
83 1
84 1
85 1
86 4
87 4
88 4
89 4
90 4
91 4
92 4
93 4
94 4
95 4
96 4
97 4
98 4
99 4
