JOBS 100
0 TGAMMA 108
1 TGAMMA 48
2 TGAMMA 120
3 TGAMMA 36
4 TGAMMA 108
5 TGAMMA 48
6 TGAMMA 36
7 TGAMMA 96
8 TGAMMA 12
9 TGAMMA 36
10 TGAMMA 12
11 TGAMMA 12
12 TGAMMA 12
13 TGAMMA 24
14 TGAMMA 72
15 TGAMMA 72
16 TGAMMA 48
17 TGAMMA 72
18 TGAMMA 60
19 TGAMMA 96
20 TGAMMA 36
21 TGAMMA 96
22 TGAMMA 12
23 TGAMMA 48
24 TGAMMA 108
25 TGAMMA 72
26 TGAMMA 84
27 TGAMMA 24
28 TGAMMA 24
29 TGAMMA 24
30 TGAMMA 72
31 TGAMMA 84
32 TGAMMA 84
33 TGAMMA 36
34 TGAMMA 12
35 TGAMMA 12
36 TGAMMA 12
37 TGAMMA 48
38 TGAMMA 96
39 TGAMMA 120
40 TGAMMA 72
41 TGAMMA 48
42 TGAMMA 36
43 TGAMMA 96
44 TGAMMA 96
45 TGAMMA 72
46 TGAMMA 108
47 TGAMMA 48
48 TGAMMA 96
49 TGAMMA 24
50 TGAMMA 96
51 TGAMMA 96
52 TGAMMA 24
53 TGAMMA 96
54 TGAMMA 60
55 TGAMMA 60
56 TGAMMA 12
57 TGAMMA 60
58 TGAMMA 12
59 TGAMMA 96
60 TGAMMA 60
61 TGAMMA 72
62 TGAMMA 36
63 TGAMMA 84
64 TGAMMA 48
65 TGAMMA 84
66 TGAMMA 120
67 TGAMMA 60
68 TGAMMA 96
69 XPY 60
70 DOT 36
71 DOT 84
72 XPY 48
73 SUM 84
74 SUM 108
75 DOT 36
76 XPY 48
77 DOT 36
78 XPY 48
79 XPY 48
80 SUM 108
81 COPY 60
82 SUM 132
83 COPY 84
84 COPY 84
85 XPY 60
86 XPY 48
87 DOT 36
88 SUM 108
89 SUM 132
90 SUM 84
91 XPY 60
92 COPY 84
93 COPY 60
94 DOT 36
95 SUM 132
96 DOT 36
97 DOT 84
98 SUM 108
99 DOT 36
DEPS 98
0 1
1 2
2 3
3 4
4 5
5 6
6 7
7 8
8 9
9 10
10 11
11 12
12 13
13 14
14 15
15 16
16 17
17 18
18 19
19 20
20 21
21 22
22 23
23 24
24 25
25 26
26 27
27 28
28 29
29 30
30 31
31 32
32 33
33 34
34 35
35 36
36 37
37 38
38 39
39 40
40 41
41 42
42 43
43 44
44 45
45 46
46 47
47 48
48 49
49 50
50 51
51 52
52 53
53 54
54 55
55 56
56 57
57 58
58 59
59 60
60 61
61 62
62 63
63 64
64 65
65 66
66 67
67 68
69 70
70 71
71 72
72 73
73 74
74 75
75 76
76 77
77 78
78 79
79 80
80 81
81 82
82 83
83 84
84 85
85 86
86 87
87 88
88 89
89 90
90 91
91 92
92 93
93 94
94 95
95 96
96 97
97 98
98 99
ORDER 100
69
0
1
2
70
3
4
71
5
6
7
72
8
9
10
11
12
13
14
73
15
74
16
17
18
75
19
76
20
21
22
77
23
24
78
25
26
79
27
28
29
30
80
31
32
81
33
34
35
36
37
38
82
39
83
40
41
42
43
84
44
45
46
85
47
48
49
86
50
51
87
52
53
88
54
55
89
56
57
58
59
90
60
61
91
62
63
64
65
92
66
67
68
93
94
95
96
97
98
99
MODES 100
0 3
1 3
2 3
3 3
4 3
5 3
6 3
7 3
8 3
9 3
10 3
11 3
12 3
13 3
14 3
15 3
16 3
17 3
18 3
19 3
20 3
21 3
22 3
23 3
24 3
25 3
26 3
27 3
28 3
29 3
30 3
31 3
32 3
33 3
34 3
35 3
36 3
37 3
38 3
39 3
40 3
41 3
42 3
43 3
44 3
45 3
46 3
47 3
48 3
49 3
50 3
51 3
52 3
53 3
54 3
55 3
56 3
57 3
58 3
59 3
60 3
61 3
62 3
63 3
64 3
65 3
66 3
67 3
68 3
69 1
70 1
71 1
72 1
73 1
74 1
75 1
76 1
77 1
78 1
79 1
80 1
81 1
82 1
83 1
84 1
85 1
86 1
87 1
88 1
89 1
90 1
91 1
92 1
93 1
94 4
95 4
96 4
97 4
98 4
99 4
