JOBS 100
0 TGAMMA 120
1 TGAMMA 120
2 TGAMMA 120
3 TGAMMA 120
4 TGAMMA 120
5 TGAMMA 120
6 TGAMMA 120
7 TGAMMA 120
8 TGAMMA 120
9 TGAMMA 120
10 TGAMMA 120
11 TGAMMA 120
12 TGAMMA 120
13 TGAMMA 120
14 TGAMMA 120
15 TGAMMA 120
16 TGAMMA 120
17 TGAMMA 120
18 TGAMMA 120
19 TGAMMA 120
20 TGAMMA 120
21 TGAMMA 120
22 TGAMMA 120
23 TGAMMA 120
24 TGAMMA 120
25 TGAMMA 120
26 TGAMMA 120
27 TGAMMA 120
28 TGAMMA 120
29 TGAMMA 120
30 TGAMMA 120
31 TGAMMA 120
32 TGAMMA 120
33 TGAMMA 120
34 TGAMMA 120
35 TGAMMA 120
36 TGAMMA 120
37 TGAMMA 120
38 TGAMMA 120
39 TGAMMA 120
40 TGAMMA 120
41 TGAMMA 120
42 TGAMMA 120
43 TGAMMA 120
44 TGAMMA 120
45 TGAMMA 120
46 TGAMMA 120
47 TGAMMA 120
48 TGAMMA 120
49 TGAMMA 120
50 TGAMMA 120
51 TGAMMA 120
52 TGAMMA 120
53 TGAMMA 120
54 TGAMMA 120
55 TGAMMA 120
56 TGAMMA 120
57 XPY 60
58 XPY 60
59 XPY 60
60 XPY 60
61 XPY 60
62 XPY 60
63 XPY 60
64 XPY 60
65 XPY 60
66 XPY 60
67 XPY 60
68 XPY 60
69 XPY 60
70 XPY 60
71 XPY 60
72 XPY 60
73 XPY 60
74 XPY 60
75 XPY 60
76 XPY 60
77 XPY 60
78 XPY 60
79 XPY 60
80 XPY 60
81 XPY 60
82 XPY 60
83 XPY 60
84 XPY 60
85 XPY 60
86 XPY 60
87 XPY 60
88 XPY 60
89 XPY 60
90 XPY 60
91 XPY 60
92 XPY 60
93 XPY 60
94 XPY 60
95 XPY 60
96 XPY 60
97 XPY 60
98 XPY 60
99 XPY 60
DEPS 98
0 1
1 2
2 3
3 4
4 5
5 6
6 7
7 8
8 9
9 10
10 11
11 12
12 13
13 14
14 15
15 16
16 17
17 18
18 19
19 20
20 21
21 22
22 23
23 24
24 25
25 26
26 27
27 28
28 29
29 30
30 31
31 32
32 33
33 34
34 35
35 36
36 37
37 38
38 39
39 40
40 41
41 42
42 43
43 44
44 45
45 46
46 47
47 48
48 49
49 50
50 51
51 52
52 53
53 54
54 55
55 56
57 58
58 59
59 60
60 61
61 62
62 63
63 64
64 65
65 66
66 67
67 68
68 69
69 70
70 71
71 72
72 73
73 74
74 75
75 76
76 77
77 78
78 79
79 80
80 81
81 82
82 83
83 84
84 85
85 86
86 87
87 88
88 89
89 90
90 91
91 92
92 93
93 94
94 95
95 96
96 97
97 98
98 99
ORDER 100
57
0
1
58
2
3
59
4
5
60
6
7
61
8
9
62
10
11
63
12
64
13
14
65
15
16
66
17
18
67
19
20
68
21
22
69
23
70
24
25
71
26
27
72
28
29
73
30
31
74
32
33
75
34
76
35
36
77
37
38
78
39
40
79
41
42
80
43
44
81
45
82
46
47
83
48
49
84
50
51
85
52
53
86
54
55
87
56
88
89
90
91
92
93
94
95
96
97
98
99
MODES 100
0 3
1 3
2 3
3 3
4 3
5 3
6 3
7 3
8 3
9 3
10 3
11 3
12 3
13 3
14 3
15 3
16 3
17 3
18 3
19 3
20 3
21 3
22 3
23 3
24 3
25 3
26 3
27 3
28 3
29 3
30 3
31 3
32 3
33 3
34 3
35 3
36 3
37 3
38 3
39 3
40 3
41 3
42 3
43 3
44 3
45 3
46 3
47 3
48 3
49 3
50 3
51 3
52 3
53 3
54 3
55 3
56 3
57 1
58 1
59 1
60 1
61 1
62 1
63 1
64 1
65 1
66 1
67 1
68 1
69 1
70 1
71 1
72 1
73 1
74 1
75 1
76 1
77 1
78 1
79 1
80 1
81 1
82 1
83 1
84 1
85 1
86 1
87 1
88 1
89 4
90 4
91 4
92 4
93 4
94 4
95 4
96 4
97 4
98 4
99 4
