JOBS 100
0 TGAMMA 108
1 TGAMMA 84
2 TGAMMA 72
3 TGAMMA 96
4 TGAMMA 24
5 TGAMMA 84
6 TGAMMA 36
7 TGAMMA 36
8 TGAMMA 60
9 TGAMMA 60
10 TGAMMA 48
11 TGAMMA 120
12 TGAMMA 36
13 TGAMMA 24
14 TGAMMA 36
15 TGAMMA 12
16 TGAMMA 24
17 TGAMMA 96
18 TGAMMA 120
19 TGAMMA 12
20 TGAMMA 72
21 TGAMMA 48
22 TGAMMA 24
23 TGAMMA 96
24 TGAMMA 108
25 TGAMMA 24
26 TGAMMA 36
27 TGAMMA 60
28 TGAMMA 24
29 TGAMMA 60
30 TGAMMA 96
31 TGAMMA 24
32 TGAMMA 120
33 TGAMMA 96
34 TGAMMA 120
35 TGAMMA 12
36 TGAMMA 60
37 TGAMMA 24
38 TGAMMA 12
39 TGAMMA 60
40 TGAMMA 72
41 TGAMMA 108
42 TGAMMA 36
43 TGAMMA 12
44 TGAMMA 12
45 TGAMMA 36
46 TGAMMA 48
47 TGAMMA 96
48 TGAMMA 60
49 TGAMMA 108
50 TGAMMA 108
51 TGAMMA 108
52 TGAMMA 12
53 TGAMMA 84
54 TGAMMA 96
55 TGAMMA 120
56 TGAMMA 24
57 TGAMMA 120
58 TGAMMA 96
59 TGAMMA 60
60 TGAMMA 48
61 TGAMMA 36
62 TGAMMA 60
63 TGAMMA 24
64 TGAMMA 60
65 TGAMMA 24
66 TGAMMA 120
67 TGAMMA 108
68 TGAMMA 96
69 TGAMMA 12
70 TGAMMA 24
71 COPY 60
72 COPY 84
73 COPY 84
74 SUM 84
75 DOT 84
76 DOT 84
77 XPY 48
78 XPY 48
79 XPY 48
80 SUM 132
81 COPY 84
82 XPY 48
83 XPY 60
84 COPY 84
85 SUM 108
86 DOT 36
87 DOT 36
88 XPY 48
89 COPY 84
90 SUM 108
91 XPY 60
92 SUM 108
93 COPY 60
94 SUM 84
95 XPY 48
96 XPY 60
97 SUM 132
98 DOT 84
99 SUM 108
DEPS 98
0 1
1 2
2 3
3 4
4 5
5 6
6 7
7 8
8 9
9 10
10 11
11 12
12 13
13 14
14 15
15 16
16 17
17 18
18 19
19 20
20 21
21 22
22 23
23 24
24 25
25 26
26 27
27 28
28 29
29 30
30 31
31 32
32 33
33 34
34 35
35 36
36 37
37 38
38 39
39 40
40 41
41 42
42 43
43 44
44 45
45 46
46 47
47 48
48 49
49 50
50 51
51 52
52 53
53 54
54 55
55 56
56 57
57 58
58 59
59 60
60 61
61 62
62 63
63 64
64 65
65 66
66 67
67 68
68 69
69 70
71 72
72 73
73 74
74 75
75 76
76 77
77 78
78 79
79 80
80 81
81 82
82 83
83 84
84 85
85 86
86 87
87 88
88 89
89 90
90 91
91 92
92 93
93 94
94 95
95 96
96 97
97 98
98 99
ORDER 100
71
0
1
72
2
3
4
5
73
6
7
8
9
74
10
11
75
12
13
14
15
16
17
76
18
19
20
77
21
22
23
78
24
25
26
79
27
28
29
30
80
31
32
81
33
34
82
35
36
37
38
39
83
40
41
42
43
84
44
45
46
47
48
85
49
50
86
51
87
52
88
53
54
89
55
56
57
90
58
59
91
60
61
62
63
64
92
65
66
93
67
68
94
69
70
95
96
97
98
99
MODES 100
0 3
1 3
2 3
3 3
4 3
5 3
6 3
7 3
8 3
9 3
10 3
11 3
12 3
13 3
14 3
15 3
16 3
17 3
18 3
19 3
20 3
21 3
22 3
23 3
24 3
25 3
26 3
27 3
28 3
29 3
30 3
31 3
32 3
33 3
34 3
35 3
36 3
37 3
38 3
39 3
40 3
41 3
42 3
43 3
44 3
45 3
46 3
47 3
48 3
49 3
50 3
51 3
52 3
53 3
54 3
55 3
56 3
57 3
58 3
59 3
60 3
61 3
62 3
63 3
64 3
65 3
66 3
67 3
68 3
69 3
70 3
71 1
72 1
73 1
74 1
75 1
76 1
77 1
78 1
79 1
80 1
81 1
82 1
83 1
84 1
85 1
86 1
87 1
88 1
89 1
90 1
91 1
92 1
93 1
94 1
95 4
96 4
97 4
98 4
99 4
