JOBS 100
0 TGAMMA 108
1 TGAMMA 84
2 TGAMMA 36
3 TGAMMA 72
4 TGAMMA 72
5 TGAMMA 12
6 TGAMMA 12
7 TGAMMA 48
8 TGAMMA 72
9 TGAMMA 72
10 TGAMMA 60
11 TGAMMA 108
12 TGAMMA 108
13 TGAMMA 108
14 TGAMMA 24
15 TGAMMA 12
16 TGAMMA 108
17 TGAMMA 84
18 TGAMMA 108
19 TGAMMA 108
20 TGAMMA 108
21 TGAMMA 72
22 TGAMMA 108
23 TGAMMA 60
24 TGAMMA 108
25 TGAMMA 36
26 TGAMMA 48
27 TGAMMA 72
28 TGAMMA 72
29 TGAMMA 72
30 TGAMMA 96
31 TGAMMA 36
32 TGAMMA 72
33 TGAMMA 72
34 TGAMMA 36
35 TGAMMA 36
36 TGAMMA 24
37 TGAMMA 60
38 TGAMMA 96
39 TGAMMA 24
40 TGAMMA 72
41 TGAMMA 84
42 TGAMMA 24
43 TGAMMA 60
44 TGAMMA 96
45 TGAMMA 108
46 TGAMMA 108
47 TGAMMA 120
48 TGAMMA 36
49 TGAMMA 48
50 TGAMMA 12
51 TGAMMA 108
52 TGAMMA 12
53 TGAMMA 84
54 TGAMMA 48
55 TGAMMA 72
56 TGAMMA 72
57 TGAMMA 120
58 TGAMMA 84
59 TGAMMA 120
60 TGAMMA 120
61 TGAMMA 48
62 TGAMMA 48
63 TGAMMA 12
64 TGAMMA 72
65 TGAMMA 36
66 TGAMMA 60
67 XPY 48
68 SUM 84
69 DOT 36
70 SUM 84
71 DOT 36
72 SUM 84
73 DOT 84
74 XPY 48
75 DOT 84
76 SUM 132
77 XPY 60
78 SUM 108
79 DOT 36
80 COPY 60
81 DOT 84
82 COPY 84
83 DOT 84
84 SUM 108
85 SUM 84
86 SUM 84
87 COPY 84
88 COPY 84
89 XPY 48
90 DOT 36
91 COPY 60
92 COPY 60
93 DOT 84
94 COPY 84
95 SUM 108
96 DOT 36
97 SUM 108
98 DOT 84
99 XPY 48
DEPS 98
0 1
1 2
2 3
3 4
4 5
5 6
6 7
7 8
8 9
9 10
10 11
11 12
12 13
13 14
14 15
15 16
16 17
17 18
18 19
19 20
20 21
21 22
22 23
23 24
24 25
25 26
26 27
27 28
28 29
29 30
30 31
31 32
32 33
33 34
34 35
35 36
36 37
37 38
38 39
39 40
40 41
41 42
42 43
43 44
44 45
45 46
46 47
47 48
48 49
49 50
50 51
51 52
52 53
53 54
54 55
55 56
56 57
57 58
58 59
59 60
60 61
61 62
62 63
63 64
64 65
65 66
67 68
68 69
69 70
70 71
71 72
72 73
73 74
74 75
75 76
76 77
77 78
78 79
79 80
80 81
81 82
82 83
83 84
84 85
85 86
86 87
87 88
88 89
89 90
90 91
91 92
92 93
93 94
94 95
95 96
96 97
97 98
98 99
ORDER 100
67
0
1
68
2
3
69
4
5
6
70
7
8
71
9
10
72
11
73
12
13
74
14
15
16
17
75
18
19
76
20
21
77
22
23
78
24
25
26
79
27
80
28
29
30
81
31
32
33
82
34
35
36
37
38
83
39
40
41
84
42
43
44
85
45
86
46
87
47
48
49
50
51
88
52
53
54
55
89
56
57
90
58
91
59
92
60
61
93
62
63
64
65
66
94
95
96
97
98
99
MODES 100
0 3
1 3
2 3
3 3
4 3
5 3
6 3
7 3
8 3
9 3
10 3
11 3
12 3
13 3
14 3
15 3
16 3
17 3
18 3
19 3
20 3
21 3
22 3
23 3
24 3
25 3
26 3
27 3
28 3
29 3
30 3
31 3
32 3
33 3
34 3
35 3
36 3
37 3
38 3
39 3
40 3
41 3
42 3
43 3
44 3
45 3
46 3
47 3
48 3
49 3
50 3
51 3
52 3
53 3
54 3
55 3
56 3
57 3
58 3
59 3
60 3
61 3
62 3
63 3
64 3
65 3
66 3
67 1
68 1
69 1
70 1
71 1
72 1
73 1
74 1
75 1
76 1
77 1
78 1
79 1
80 1
81 1
82 1
83 1
84 1
85 1
86 1
87 1
88 1
89 1
90 1
91 1
92 1
93 1
94 1
95 4
96 4
97 4
98 4
99 4
