JOBS 100
0 TGAMMA 72
1 TGAMMA 48
2 TGAMMA 96
3 TGAMMA 96
4 TGAMMA 120
5 TGAMMA 108
6 TGAMMA 84
7 TGAMMA 36
8 TGAMMA 120
9 TGAMMA 60
10 TGAMMA 72
11 TGAMMA 24
12 TGAMMA 120
13 TGAMMA 120
14 TGAMMA 60
15 TGAMMA 48
16 TGAMMA 120
17 TGAMMA 48
18 TGAMMA 84
19 TGAMMA 36
20 TGAMMA 96
21 TGAMMA 96
22 TGAMMA 60
23 TGAMMA 108
24 TGAMMA 24
25 TGAMMA 120
26 TGAMMA 120
27 TGAMMA 96
28 TGAMMA 24
29 TGAMMA 36
30 TGAMMA 120
31 TGAMMA 60
32 TGAMMA 60
33 TGAMMA 36
34 TGAMMA 60
35 TGAMMA 12
36 TGAMMA 72
37 TGAMMA 36
38 TGAMMA 36
39 TGAMMA 60
40 TGAMMA 60
41 TGAMMA 96
42 TGAMMA 36
43 TGAMMA 84
44 TGAMMA 48
45 TGAMMA 120
46 TGAMMA 36
47 TGAMMA 96
48 TGAMMA 96
49 TGAMMA 60
50 TGAMMA 12
51 TGAMMA 60
52 TGAMMA 96
53 TGAMMA 12
54 TGAMMA 36
55 TGAMMA 48
56 TGAMMA 24
57 TGAMMA 84
58 TGAMMA 120
59 TGAMMA 108
60 TGAMMA 12
61 TGAMMA 48
62 TGAMMA 36
63 TGAMMA 24
64 TGAMMA 72
65 TGAMMA 60
66 TGAMMA 108
67 TGAMMA 96
68 DOT 36
69 XPY 60
70 COPY 84
71 XPY 60
72 SUM 84
73 DOT 36
74 SUM 84
75 COPY 84
76 DOT 84
77 SUM 132
78 COPY 84
79 SUM 132
80 XPY 60
81 DOT 84
82 SUM 108
83 DOT 84
84 XPY 60
85 XPY 48
86 COPY 60
87 XPY 48
88 SUM 108
89 DOT 36
90 XPY 60
91 XPY 60
92 COPY 84
93 COPY 84
94 DOT 36
95 DOT 36
96 COPY 60
97 DOT 84
98 SUM 132
99 SUM 108
DEPS 98
0 1
1 2
2 3
3 4
4 5
5 6
6 7
7 8
8 9
9 10
10 11
11 12
12 13
13 14
14 15
15 16
16 17
17 18
18 19
19 20
20 21
21 22
22 23
23 24
24 25
25 26
26 27
27 28
28 29
29 30
30 31
31 32
32 33
33 34
34 35
35 36
36 37
37 38
38 39
39 40
40 41
41 42
42 43
43 44
44 45
45 46
46 47
47 48
48 49
49 50
50 51
51 52
52 53
53 54
54 55
55 56
56 57
57 58
58 59
59 60
60 61
61 62
62 63
63 64
64 65
65 66
66 67
68 69
69 70
70 71
71 72
72 73
73 74
74 75
75 76
76 77
77 78
78 79
79 80
80 81
81 82
82 83
83 84
84 85
85 86
86 87
87 88
88 89
89 90
90 91
91 92
92 93
93 94
94 95
95 96
96 97
97 98
98 99
ORDER 100
68
0
1
69
2
3
4
70
5
6
71
7
8
9
72
10
73
11
12
74
13
75
14
15
16
76
17
18
19
20
77
21
22
78
23
24
25
79
26
80
27
28
29
30
81
31
32
33
34
82
35
36
37
83
38
39
40
41
84
42
43
44
45
85
46
47
86
48
49
87
50
51
52
88
53
54
55
56
89
57
58
90
59
91
60
61
62
63
64
65
92
66
67
93
94
95
96
97
98
99
MODES 100
0 3
1 3
2 3
3 3
4 3
5 3
6 3
7 3
8 3
9 3
10 3
11 3
12 3
13 3
14 3
15 3
16 3
17 3
18 3
19 3
20 3
21 3
22 3
23 3
24 3
25 3
26 3
27 3
28 3
29 3
30 3
31 3
32 3
33 3
34 3
35 3
36 3
37 3
38 3
39 3
40 3
41 3
42 3
43 3
44 3
45 3
46 3
47 3
48 3
49 3
50 3
51 3
52 3
53 3
54 3
55 3
56 3
57 3
58 3
59 3
60 3
61 3
62 3
63 3
64 3
65 3
66 3
67 3
68 1
69 1
70 1
71 1
72 1
73 1
74 1
75 1
76 1
77 1
78 1
79 1
80 1
81 1
82 1
83 1
84 1
85 1
86 1
87 1
88 1
89 1
90 1
91 1
92 1
93 4
94 4
95 4
96 4
97 4
98 4
99 4
