JOBS 100
0 TGAMMA 12
1 TGAMMA 36
2 TGAMMA 60
3 TGAMMA 120
4 TGAMMA 72
5 TGAMMA 96
6 TGAMMA 72
7 TGAMMA 36
8 TGAMMA 72
9 TGAMMA 48
10 TGAMMA 72
11 TGAMMA 24
12 TGAMMA 12
13 TGAMMA 24
14 TGAMMA 36
15 TGAMMA 120
16 TGAMMA 72
17 TGAMMA 24
18 TGAMMA 120
19 TGAMMA 108
20 TGAMMA 108
21 TGAMMA 48
22 TGAMMA 12
23 TGAMMA 48
24 TGAMMA 96
25 TGAMMA 72
26 TGAMMA 12
27 TGAMMA 24
28 TGAMMA 48
29 TGAMMA 96
30 TGAMMA 12
31 TGAMMA 36
32 TGAMMA 84
33 TGAMMA 12
34 TGAMMA 12
35 TGAMMA 72
36 TGAMMA 36
37 TGAMMA 72
38 TGAMMA 84
39 TGAMMA 108
40 TGAMMA 96
41 TGAMMA 36
42 TGAMMA 120
43 TGAMMA 36
44 TGAMMA 48
45 TGAMMA 108
46 TGAMMA 12
47 TGAMMA 48
48 TGAMMA 120
49 TGAMMA 60
50 TGAMMA 36
51 TGAMMA 96
52 TGAMMA 84
53 TGAMMA 96
54 TGAMMA 120
55 TGAMMA 96
56 TGAMMA 12
57 TGAMMA 96
58 TGAMMA 84
59 TGAMMA 36
60 TGAMMA 36
61 TGAMMA 96
62 TGAMMA 36
63 TGAMMA 24
64 TGAMMA 72
65 TGAMMA 96
66 TGAMMA 36
67 TGAMMA 108
68 TGAMMA 48
69 TGAMMA 96
70 SUM 132
71 SUM 132
72 XPY 48
73 SUM 84
74 COPY 84
75 XPY 48
76 SUM 132
77 SUM 132
78 COPY 84
79 SUM 108
80 SUM 132
81 DOT 36
82 COPY 60
83 SUM 108
84 XPY 48
85 SUM 132
86 DOT 36
87 XPY 48
88 COPY 84
89 SUM 84
90 DOT 84
91 COPY 60
92 DOT 36
93 SUM 132
94 XPY 60
95 XPY 48
96 SUM 132
97 SUM 132
98 DOT 84
99 SUM 108
DEPS 98
0 1
1 2
2 3
3 4
4 5
5 6
6 7
7 8
8 9
9 10
10 11
11 12
12 13
13 14
14 15
15 16
16 17
17 18
18 19
19 20
20 21
21 22
22 23
23 24
24 25
25 26
26 27
27 28
28 29
29 30
30 31
31 32
32 33
33 34
34 35
35 36
36 37
37 38
38 39
39 40
40 41
41 42
42 43
43 44
44 45
45 46
46 47
47 48
48 49
49 50
50 51
51 52
52 53
53 54
54 55
55 56
56 57
57 58
58 59
59 60
60 61
61 62
62 63
63 64
64 65
65 66
66 67
67 68
68 69
70 71
71 72
72 73
73 74
74 75
75 76
76 77
77 78
78 79
79 80
80 81
81 82
82 83
83 84
84 85
85 86
86 87
87 88
88 89
89 90
90 91
91 92
92 93
93 94
94 95
95 96
96 97
97 98
98 99
ORDER 100
70
0
1
2
3
71
4
5
72
6
7
8
73
9
10
74
11
12
13
14
15
75
16
17
18
76
19
20
77
21
22
23
78
24
25
26
27
28
79
29
30
31
80
32
33
34
35
36
81
37
82
38
39
83
40
41
84
42
43
44
85
45
46
47
86
48
87
49
50
51
88
52
53
54
89
90
55
56
57
58
91
59
60
61
92
62
63
93
64
65
94
66
67
68
69
95
96
97
98
99
MODES 100
0 3
1 3
2 3
3 3
4 3
5 3
6 3
7 3
8 3
9 3
10 3
11 3
12 3
13 3
14 3
15 3
16 3
17 3
18 3
19 3
20 3
21 3
22 3
23 3
24 3
25 3
26 3
27 3
28 3
29 3
30 3
31 3
32 3
33 3
34 3
35 3
36 3
37 3
38 3
39 3
40 3
41 3
42 3
43 3
44 3
45 3
46 3
47 3
48 3
49 3
50 3
51 3
52 3
53 3
54 3
55 3
56 3
57 3
58 3
59 3
60 3
61 3
62 3
63 3
64 3
65 3
66 3
67 3
68 3
69 3
70 1
71 1
72 1
73 1
74 1
75 1
76 1
77 1
78 1
79 1
80 1
81 1
82 1
83 1
84 1
85 1
86 1
87 1
88 1
89 1
90 1
91 1
92 1
93 1
94 1
95 1
96 4
97 4
98 4
99 4
