JOBS 100
0 TGAMMA 72
1 TGAMMA 120
2 TGAMMA 84
3 TGAMMA 36
4 TGAMMA 84
5 TGAMMA 12
6 TGAMMA 36
7 TGAMMA 84
8 TGAMMA 60
9 TGAMMA 48
10 TGAMMA 48
11 TGAMMA 84
12 TGAMMA 12
13 TGAMMA 48
14 TGAMMA 36
15 TGAMMA 60
16 TGAMMA 24
17 TGAMMA 24
18 TGAMMA 60
19 TGAMMA 48
20 TGAMMA 96
21 TGAMMA 12
22 TGAMMA 72
23 TGAMMA 96
24 TGAMMA 36
25 TGAMMA 48
26 TGAMMA 24
27 TGAMMA 72
28 TGAMMA 120
29 TGAMMA 24
30 TGAMMA 108
31 TGAMMA 60
32 TGAMMA 48
33 TGAMMA 84
34 TGAMMA 84
35 TGAMMA 48
36 TGAMMA 72
37 TGAMMA 108
38 TGAMMA 96
39 TGAMMA 96
40 TGAMMA 24
41 TGAMMA 120
42 TGAMMA 96
43 TGAMMA 96
44 TGAMMA 108
45 TGAMMA 12
46 TGAMMA 108
47 TGAMMA 96
48 TGAMMA 36
49 TGAMMA 48
50 TGAMMA 108
51 TGAMMA 48
52 TGAMMA 120
53 TGAMMA 72
54 TGAMMA 36
55 TGAMMA 96
56 TGAMMA 108
57 TGAMMA 24
58 TGAMMA 48
59 TGAMMA 12
60 TGAMMA 72
61 TGAMMA 12
62 TGAMMA 24
63 TGAMMA 60
64 TGAMMA 60
65 TGAMMA 96
66 TGAMMA 12
67 TGAMMA 72
68 TGAMMA 120
69 TGAMMA 120
70 SUM 108
71 SUM 108
72 DOT 84
73 DOT 84
74 COPY 84
75 SUM 132
76 COPY 84
77 SUM 132
78 DOT 36
79 XPY 48
80 COPY 60
81 DOT 84
82 SUM 84
83 SUM 108
84 DOT 36
85 DOT 84
86 COPY 84
87 SUM 84
88 SUM 84
89 SUM 108
90 SUM 132
91 SUM 132
92 SUM 132
93 SUM 84
94 COPY 84
95 SUM 132
96 DOT 84
97 XPY 48
98 COPY 60
99 XPY 60
DEPS 98
0 1
1 2
2 3
3 4
4 5
5 6
6 7
7 8
8 9
9 10
10 11
11 12
12 13
13 14
14 15
15 16
16 17
17 18
18 19
19 20
20 21
21 22
22 23
23 24
24 25
25 26
26 27
27 28
28 29
29 30
30 31
31 32
32 33
33 34
34 35
35 36
36 37
37 38
38 39
39 40
40 41
41 42
42 43
43 44
44 45
45 46
46 47
47 48
48 49
49 50
50 51
51 52
52 53
53 54
54 55
55 56
56 57
57 58
58 59
59 60
60 61
61 62
62 63
63 64
64 65
65 66
66 67
67 68
68 69
70 71
71 72
72 73
73 74
74 75
75 76
76 77
77 78
78 79
79 80
80 81
81 82
82 83
83 84
84 85
85 86
86 87
87 88
88 89
89 90
90 91
91 92
92 93
93 94
94 95
95 96
96 97
97 98
98 99
ORDER 100
70
0
1
71
2
3
72
4
5
6
7
8
73
9
10
11
74
12
13
14
15
16
17
18
75
19
20
21
76
22
23
24
25
77
26
27
28
78
29
30
79
31
32
80
33
34
81
35
36
37
82
38
39
83
40
41
84
42
85
43
44
86
45
46
47
87
48
49
50
88
51
89
52
90
53
54
55
91
56
57
58
92
59
60
61
62
63
93
64
65
94
66
67
68
95
69
96
97
98
99
MODES 100
0 3
1 3
2 3
3 3
4 3
5 3
6 3
7 3
8 3
9 3
10 3
11 3
12 3
13 3
14 3
15 3
16 3
17 3
18 3
19 3
20 3
21 3
22 3
23 3
24 3
25 3
26 3
27 3
28 3
29 3
30 3
31 3
32 3
33 3
34 3
35 3
36 3
37 3
38 3
39 3
40 3
41 3
42 3
43 3
44 3
45 3
46 3
47 3
48 3
49 3
50 3
51 3
52 3
53 3
54 3
55 3
56 3
57 3
58 3
59 3
60 3
61 3
62 3
63 3
64 3
65 3
66 3
67 3
68 3
69 3
70 1
71 1
72 1
73 1
74 1
75 1
76 1
77 1
78 1
79 1
80 1
81 1
82 1
83 1
84 1
85 1
86 1
87 1
88 1
89 1
90 1
91 1
92 1
93 1
94 1
95 1
96 4
97 4
98 4
99 4
