JOBS 100
0 TGAMMA 24
1 TGAMMA 48
2 TGAMMA 48
3 TGAMMA 120
4 TGAMMA 72
5 TGAMMA 120
6 TGAMMA 108
7 TGAMMA 108
8 TGAMMA 96
9 TGAMMA 12
10 TGAMMA 120
11 TGAMMA 96
12 TGAMMA 60
13 TGAMMA 108
14 TGAMMA 24
15 TGAMMA 24
16 TGAMMA 48
17 TGAMMA 84
18 TGAMMA 96
19 TGAMMA 60
20 TGAMMA 36
21 TGAMMA 36
22 TGAMMA 60
23 TGAMMA 96
24 TGAMMA 12
25 TGAMMA 84
26 TGAMMA 12
27 TGAMMA 24
28 TGAMMA 36
29 TGAMMA 96
30 TGAMMA 96
31 TGAMMA 12
32 TGAMMA 48
33 TGAMMA 84
34 TGAMMA 72
35 TGAMMA 36
36 TGAMMA 72
37 TGAMMA 36
38 TGAMMA 60
39 TGAMMA 24
40 TGAMMA 96
41 TGAMMA 120
42 TGAMMA 96
43 TGAMMA 12
44 TGAMMA 84
45 TGAMMA 108
46 TGAMMA 48
47 TGAMMA 120
48 TGAMMA 48
49 TGAMMA 120
50 TGAMMA 24
51 TGAMMA 72
52 TGAMMA 60
53 TGAMMA 12
54 TGAMMA 36
55 TGAMMA 36
56 TGAMMA 84
57 TGAMMA 48
58 TGAMMA 72
59 TGAMMA 120
60 TGAMMA 48
61 TGAMMA 120
62 TGAMMA 12
63 TGAMMA 48
64 TGAMMA 48
65 TGAMMA 84
66 TGAMMA 84
67 TGAMMA 60
68 TGAMMA 36
69 SUM 84
70 XPY 48
71 SUM 108
72 COPY 60
73 XPY 48
74 XPY 48
75 XPY 48
76 COPY 84
77 XPY 48
78 XPY 48
79 SUM 84
80 COPY 60
81 DOT 36
82 DOT 36
83 XPY 48
84 SUM 108
85 COPY 60
86 XPY 48
87 SUM 108
88 COPY 84
89 XPY 48
90 DOT 84
91 COPY 84
92 COPY 84
93 XPY 48
94 SUM 132
95 SUM 84
96 XPY 60
97 DOT 84
98 XPY 48
99 COPY 84
DEPS 98
0 1
1 2
2 3
3 4
4 5
5 6
6 7
7 8
8 9
9 10
10 11
11 12
12 13
13 14
14 15
15 16
16 17
17 18
18 19
19 20
20 21
21 22
22 23
23 24
24 25
25 26
26 27
27 28
28 29
29 30
30 31
31 32
32 33
33 34
34 35
35 36
36 37
37 38
38 39
39 40
40 41
41 42
42 43
43 44
44 45
45 46
46 47
47 48
48 49
49 50
50 51
51 52
52 53
53 54
54 55
55 56
56 57
57 58
58 59
59 60
60 61
61 62
62 63
63 64
64 65
65 66
66 67
67 68
69 70
70 71
71 72
72 73
73 74
74 75
75 76
76 77
77 78
78 79
79 80
80 81
81 82
82 83
83 84
84 85
85 86
86 87
87 88
88 89
89 90
90 91
91 92
92 93
93 94
94 95
95 96
96 97
97 98
98 99
ORDER 100
69
0
1
2
70
3
4
71
5
6
72
7
73
8
9
10
74
11
75
12
13
14
76
15
16
17
18
77
19
20
21
22
78
23
24
25
79
26
27
28
80
29
30
81
31
32
33
82
34
83
35
36
37
84
38
39
40
85
41
42
86
43
44
87
45
46
88
47
48
49
89
50
51
52
90
53
54
55
56
57
91
58
59
60
92
61
62
63
64
93
65
66
94
67
68
95
96
97
98
99
MODES 100
0 3
1 3
2 3
3 3
4 3
5 3
6 3
7 3
8 3
9 3
10 3
11 3
12 3
13 3
14 3
15 3
16 3
17 3
18 3
19 3
20 3
21 3
22 3
23 3
24 3
25 3
26 3
27 3
28 3
29 3
30 3
31 3
32 3
33 3
34 3
35 3
36 3
37 3
38 3
39 3
40 3
41 3
42 3
43 3
44 3
45 3
46 3
47 3
48 3
49 3
50 3
51 3
52 3
53 3
54 3
55 3
56 3
57 3
58 3
59 3
60 3
61 3
62 3
63 3
64 3
65 3
66 3
67 3
68 3
69 1
70 1
71 1
72 1
73 1
74 1
75 1
76 1
77 1
78 1
79 1
80 1
81 1
82 1
83 1
84 1
85 1
86 1
87 1
88 1
89 1
90 1
91 1
92 1
93 1
94 1
95 4
96 4
97 4
98 4
99 4
