COPY_12
1.16
1;5472;32.9
2;5418;33.2
3;5422;33.2
4;5439;33.1

COPY_36
3.49
1;16444;32.8
2;16258;33.2
3;16268;33.2
4;16334;33.1

COPY_60
5.81
1;27398;32.8
2;27078;33.2
3;27096;33.2
4;27188;33.1

COPY_84
8.14
1;38335;32.9
2;37931;33.2
3;37936;33.2
4;38039;33.1


DOT_12
1.16
1;5264;34.2
2;4480;40.2
3;4559;39.5
4;4463;40.3

DOT_36
3.49
1;15880;34.0
2;13460;40.1
3;13678;39.5
4;13404;40.3

DOT_60
5.81
1;26421;34.1
2;22423;40.1
3;22765;39.5
4;22353;40.3

DOT_84
8.14
1;37041;34.0
2;31407;40.1
3;31858;39.6
4;31295;40.3

ERF_12
1.16
1;12734;21.2
2;6750;40.0
3;5919;45.6
4;5581;48.4

ERF_24
2.32
1;25440;21.2
2;13494;40.0
3;11853;45.6
4;11145;48.5

ERF_36
3.49
1;38174;21.2
2;20255;40.0
3;17766;45.6
4;16788;48.2

ERF_48
4.65
1;50880;21.2
2;26996;40.0
3;23617;45.7
4;22375;48.3

POW_12
1.74
1;23985;15.0
2;12291;29.3
3;8733;41.2
4;7782;46.3

POW_24
3.49
1;48124;15.0
2;24606;29.3
3;17473;41.2
4;15622;46.1

POW_36
5.23
1;72048;15.0
2;36901;29.3
3;26151;41.3
4;23327;46.3

SQRTX_12
0.58
1;9078;19.8
2;4659;38.6
3;4616;39.0
4;4562;39.5

SQRTX_24
1.16
1;18107;19.9
2;9328;38.6
3;9260;38.9
4;9237;39.0

SQRTX_36
1.74
1;27190;19.9
2;13995;38.6
3;13916;38.8
4;13923;38.8

SQRTX_48
2.32
1;36255;19.9
2;18647;38.6
3;18447;39.0
4;18366;39.2

SUM_60
2.91
1;14065;32.0
2;11256;40.0
3;11414;39.4
4;11184;40.2

SUM_84
4.07
1;19687;32.0
2;15752;40.0
3;15984;39.4
4;15657;40.2

SUM_108
5.23
1;25305;32.0
2;20247;40.0
3;20537;39.4
4;20143;40.2

SUM_132
6.39
1;30946;32.0
2;24731;40.0
3;25096;39.4
4;24610;40.2

TGAMMA_12
0.116
1;6773;4.0
2;3394;8.0
3;2268;11.9
4;1703;15.9

TGAMMA_24
0.232
1;13545;4.0
2;6780;8.0
3;4531;11.9
4;3404;15.9

TGAMMA_36
0.349
1;20328;4.0
2;10174;8.0
3;6802;11.9
4;5103;15.9

TGAMMA_48
0.465
1;27093;4.0
2;13562;8.0
3;9067;11.9
4;6810;15.9

TGAMMA_60
0.581
1;33855;4.0
2;16972;8.0
3;11340;11.9
4;8514;15.9

TGAMMA_72
0.697
1;40621;4.0
2;20342;8.0
3;13604;11.9
4;10217;15.9

TGAMMA_84
0.814
1;47402;4.0
2;23768;8.0
3;15875;11.9
4;11925;15.8

TGAMMA_96
0.93
1;54174;4.0
2;27159;8.0
3;18151;11.9
4;13612;15.9

TGAMMA_108
1.046
1;60936;4.0
2;30538;8.0
3;20417;11.9
4;15325;15.9

TGAMMA_120
1.162
1;67717;4.0
2;33894;8.0
3;22672;11.9
4;17037;15.8

XPY_24
2.32
1;11999;45.0
2;11062;48.8
3;11115;48.6
4;11065;48.8

XPY_36
3.49
1;18118;44.7
2;16717;48.5
3;16770;48.3
4;16662;48.6

XPY_48
4.65
1;24058;44.9
2;22157;48.7
3;22304;48.4
4;22100;48.9

XPY_60
5.81
1;29859;45.2
2;27541;49.0
3;27692;48.8
4;27517;49.1