JOBS 100
0 TGAMMA 96
1 TGAMMA 96
2 TGAMMA 96
3 TGAMMA 96
4 TGAMMA 96
5 TGAMMA 96
6 TGAMMA 96
7 TGAMMA 96
8 TGAMMA 96
9 TGAMMA 96
10 TGAMMA 96
11 TGAMMA 96
12 TGAMMA 96
13 TGAMMA 96
14 TGAMMA 96
15 TGAMMA 96
16 TGAMMA 96
17 TGAMMA 96
18 TGAMMA 96
19 TGAMMA 96
20 TGAMMA 96
21 TGAMMA 96
22 TGAMMA 96
23 TGAMMA 96
24 TGAMMA 96
25 TGAMMA 96
26 TGAMMA 96
27 TGAMMA 96
28 TGAMMA 96
29 TGAMMA 96
30 TGAMMA 96
31 TGAMMA 96
32 TGAMMA 96
33 TGAMMA 96
34 TGAMMA 96
35 TGAMMA 96
36 TGAMMA 96
37 TGAMMA 96
38 TGAMMA 96
39 TGAMMA 96
40 TGAMMA 96
41 TGAMMA 96
42 TGAMMA 96
43 TGAMMA 96
44 TGAMMA 96
45 TGAMMA 96
46 TGAMMA 96
47 TGAMMA 96
48 TGAMMA 96
49 TGAMMA 96
50 TGAMMA 96
51 TGAMMA 96
52 TGAMMA 96
53 TGAMMA 96
54 TGAMMA 96
55 TGAMMA 96
56 TGAMMA 96
57 TGAMMA 96
58 TGAMMA 96
59 TGAMMA 96
60 COPY 60
61 COPY 60
62 COPY 60
63 COPY 60
64 COPY 60
65 COPY 60
66 COPY 60
67 COPY 60
68 COPY 60
69 COPY 60
70 COPY 60
71 COPY 60
72 COPY 60
73 COPY 60
74 COPY 60
75 COPY 60
76 COPY 60
77 COPY 60
78 COPY 60
79 COPY 60
80 COPY 60
81 COPY 60
82 COPY 60
83 COPY 60
84 COPY 60
85 COPY 60
86 COPY 60
87 COPY 60
88 COPY 60
89 COPY 60
90 COPY 60
91 COPY 60
92 COPY 60
93 COPY 60
94 COPY 60
95 COPY 60
96 COPY 60
97 COPY 60
98 COPY 60
99 COPY 60
DEPS 98
0 1
1 2
2 3
3 4
4 5
5 6
6 7
7 8
8 9
9 10
10 11
11 12
12 13
13 14
14 15
15 16
16 17
17 18
18 19
19 20
20 21
21 22
22 23
23 24
24 25
25 26
26 27
27 28
28 29
29 30
30 31
31 32
32 33
33 34
34 35
35 36
36 37
37 38
38 39
39 40
40 41
41 42
42 43
43 44
44 45
45 46
46 47
47 48
48 49
49 50
50 51
51 52
52 53
53 54
54 55
55 56
56 57
57 58
58 59
60 61
61 62
62 63
63 64
64 65
65 66
66 67
67 68
68 69
69 70
70 71
71 72
72 73
73 74
74 75
75 76
76 77
77 78
78 79
79 80
80 81
81 82
82 83
83 84
84 85
85 86
86 87
87 88
88 89
89 90
90 91
91 92
92 93
93 94
94 95
95 96
96 97
97 98
98 99
ORDER 100
60
0
1
61
2
3
62
4
5
63
6
7
64
8
9
65
10
11
66
12
67
13
14
68
15
16
69
17
18
70
19
20
71
21
22
72
23
73
24
25
74
26
27
75
28
29
76
30
31
77
32
33
78
34
79
35
36
80
37
38
81
39
40
82
41
42
83
43
44
84
45
85
46
47
86
48
49
87
50
51
88
52
53
89
54
55
90
56
91
57
58
92
59
93
94
95
96
97
98
99
MODES 100
0 3
1 3
2 3
3 3
4 3
5 3
6 3
7 3
8 3
9 3
10 3
11 3
12 3
13 3
14 3
15 3
16 3
17 3
18 3
19 3
20 3
21 3
22 3
23 3
24 3
25 3
26 3
27 3
28 3
29 3
30 3
31 3
32 3
33 3
34 3
35 3
36 3
37 3
38 3
39 3
40 3
41 3
42 3
43 3
44 3
45 3
46 3
47 3
48 3
49 3
50 3
51 3
52 3
53 3
54 3
55 3
56 3
57 3
58 3
59 3
60 1
61 1
62 1
63 1
64 1
65 1
66 1
67 1
68 1
69 1
70 1
71 1
72 1
73 1
74 1
75 1
76 1
77 1
78 1
79 1
80 1
81 1
82 1
83 1
84 1
85 1
86 1
87 1
88 1
89 1
90 1
91 1
92 1
93 4
94 4
95 4
96 4
97 4
98 4
99 4
