JOBS 100
0 TGAMMA 36
1 TGAMMA 36
2 TGAMMA 96
3 TGAMMA 96
4 TGAMMA 12
5 TGAMMA 96
6 TGAMMA 24
7 TGAMMA 120
8 TGAMMA 60
9 TGAMMA 24
10 TGAMMA 84
11 TGAMMA 48
12 TGAMMA 48
13 TGAMMA 72
14 TGAMMA 84
15 TGAMMA 24
16 TGAMMA 12
17 TGAMMA 12
18 TGAMMA 12
19 TGAMMA 108
20 TGAMMA 96
21 TGAMMA 24
22 TGAMMA 84
23 TGAMMA 72
24 TGAMMA 108
25 TGAMMA 48
26 TGAMMA 60
27 TGAMMA 12
28 TGAMMA 120
29 TGAMMA 12
30 TGAMMA 72
31 TGAMMA 60
32 TGAMMA 60
33 TGAMMA 12
34 TGAMMA 24
35 TGAMMA 96
36 TGAMMA 36
37 TGAMMA 84
38 TGAMMA 12
39 TGAMMA 96
40 TGAMMA 72
41 TGAMMA 36
42 TGAMMA 48
43 TGAMMA 36
44 TGAMMA 12
45 TGAMMA 96
46 TGAMMA 60
47 TGAMMA 12
48 TGAMMA 108
49 TGAMMA 108
50 TGAMMA 12
51 TGAMMA 12
52 TGAMMA 84
53 TGAMMA 36
54 TGAMMA 120
55 TGAMMA 60
56 TGAMMA 12
57 TGAMMA 36
58 TGAMMA 120
59 TGAMMA 36
60 TGAMMA 84
61 TGAMMA 108
62 TGAMMA 12
63 TGAMMA 120
64 TGAMMA 108
65 TGAMMA 48
66 TGAMMA 36
67 TGAMMA 36
68 TGAMMA 84
69 TGAMMA 12
70 TGAMMA 72
71 DOT 84
72 DOT 36
73 SUM 108
74 XPY 48
75 COPY 60
76 COPY 84
77 DOT 36
78 SUM 132
79 COPY 84
80 COPY 60
81 SUM 84
82 DOT 36
83 COPY 84
84 COPY 60
85 SUM 108
86 DOT 84
87 XPY 48
88 COPY 84
89 DOT 36
90 SUM 132
91 DOT 36
92 SUM 132
93 SUM 84
94 SUM 84
95 XPY 60
96 SUM 132
97 DOT 36
98 DOT 84
99 XPY 48
DEPS 98
0 1
1 2
2 3
3 4
4 5
5 6
6 7
7 8
8 9
9 10
10 11
11 12
12 13
13 14
14 15
15 16
16 17
17 18
18 19
19 20
20 21
21 22
22 23
23 24
24 25
25 26
26 27
27 28
28 29
29 30
30 31
31 32
32 33
33 34
34 35
35 36
36 37
37 38
38 39
39 40
40 41
41 42
42 43
43 44
44 45
45 46
46 47
47 48
48 49
49 50
50 51
51 52
52 53
53 54
54 55
55 56
56 57
57 58
58 59
59 60
60 61
61 62
62 63
63 64
64 65
65 66
66 67
67 68
68 69
69 70
71 72
72 73
73 74
74 75
75 76
76 77
77 78
78 79
79 80
80 81
81 82
82 83
83 84
84 85
85 86
86 87
87 88
88 89
89 90
90 91
91 92
92 93
93 94
94 95
95 96
96 97
97 98
98 99
ORDER 100
71
0
1
2
3
72
4
5
73
6
7
74
8
9
10
75
11
12
13
76
14
15
16
17
18
19
77
20
78
21
22
23
79
24
25
26
27
28
80
29
30
81
31
32
82
33
34
35
83
36
37
38
39
84
40
41
42
85
43
44
45
46
86
47
48
49
87
50
51
52
53
88
54
55
56
57
89
58
90
59
60
61
91
62
63
92
64
93
65
66
67
94
68
69
70
95
96
97
98
99
MODES 100
0 3
1 3
2 3
3 3
4 3
5 3
6 3
7 3
8 3
9 3
10 3
11 3
12 3
13 3
14 3
15 3
16 3
17 3
18 3
19 3
20 3
21 3
22 3
23 3
24 3
25 3
26 3
27 3
28 3
29 3
30 3
31 3
32 3
33 3
34 3
35 3
36 3
37 3
38 3
39 3
40 3
41 3
42 3
43 3
44 3
45 3
46 3
47 3
48 3
49 3
50 3
51 3
52 3
53 3
54 3
55 3
56 3
57 3
58 3
59 3
60 3
61 3
62 3
63 3
64 3
65 3
66 3
67 3
68 3
69 3
70 3
71 1
72 1
73 1
74 1
75 1
76 1
77 1
78 1
79 1
80 1
81 1
82 1
83 1
84 1
85 1
86 1
87 1
88 1
89 1
90 1
91 1
92 1
93 1
94 1
95 1
96 4
97 4
98 4
99 4
