JOBS 100
0 TGAMMA 12
1 TGAMMA 72
2 TGAMMA 96
3 TGAMMA 12
4 TGAMMA 36
5 TGAMMA 60
6 TGAMMA 72
7 TGAMMA 12
8 TGAMMA 48
9 TGAMMA 36
10 TGAMMA 36
11 TGAMMA 96
12 TGAMMA 96
13 TGAMMA 96
14 TGAMMA 36
15 TGAMMA 48
16 TGAMMA 84
17 TGAMMA 72
18 TGAMMA 24
19 TGAMMA 84
20 TGAMMA 36
21 TGAMMA 12
22 TGAMMA 24
23 TGAMMA 120
24 TGAMMA 48
25 TGAMMA 120
26 TGAMMA 96
27 TGAMMA 84
28 TGAMMA 84
29 TGAMMA 60
30 TGAMMA 48
31 TGAMMA 96
32 TGAMMA 108
33 TGAMMA 72
34 TGAMMA 60
35 TGAMMA 36
36 TGAMMA 24
37 TGAMMA 108
38 TGAMMA 12
39 TGAMMA 12
40 TGAMMA 96
41 TGAMMA 84
42 TGAMMA 108
43 TGAMMA 108
44 TGAMMA 108
45 TGAMMA 108
46 TGAMMA 96
47 TGAMMA 108
48 TGAMMA 96
49 TGAMMA 24
50 TGAMMA 36
51 TGAMMA 84
52 TGAMMA 60
53 TGAMMA 84
54 TGAMMA 24
55 TGAMMA 48
56 TGAMMA 24
57 TGAMMA 24
58 TGAMMA 84
59 TGAMMA 12
60 TGAMMA 72
61 TGAMMA 72
62 TGAMMA 12
63 TGAMMA 96
64 TGAMMA 60
65 TGAMMA 12
66 TGAMMA 12
67 TGAMMA 60
68 TGAMMA 72
69 TGAMMA 84
70 TGAMMA 84
71 SUM 84
72 XPY 60
73 COPY 84
74 SUM 132
75 COPY 60
76 SUM 108
77 COPY 60
78 XPY 48
79 SUM 132
80 XPY 48
81 DOT 84
82 SUM 132
83 XPY 48
84 DOT 36
85 DOT 84
86 COPY 84
87 COPY 84
88 COPY 84
89 COPY 84
90 SUM 84
91 COPY 84
92 SUM 108
93 COPY 84
94 SUM 132
95 SUM 84
96 SUM 132
97 XPY 60
98 SUM 84
99 SUM 84
DEPS 98
0 1
1 2
2 3
3 4
4 5
5 6
6 7
7 8
8 9
9 10
10 11
11 12
12 13
13 14
14 15
15 16
16 17
17 18
18 19
19 20
20 21
21 22
22 23
23 24
24 25
25 26
26 27
27 28
28 29
29 30
30 31
31 32
32 33
33 34
34 35
35 36
36 37
37 38
38 39
39 40
40 41
41 42
42 43
43 44
44 45
45 46
46 47
47 48
48 49
49 50
50 51
51 52
52 53
53 54
54 55
55 56
56 57
57 58
58 59
59 60
60 61
61 62
62 63
63 64
64 65
65 66
66 67
67 68
68 69
69 70
71 72
72 73
73 74
74 75
75 76
76 77
77 78
78 79
79 80
80 81
81 82
82 83
83 84
84 85
85 86
86 87
87 88
88 89
89 90
90 91
91 92
92 93
93 94
94 95
95 96
96 97
97 98
98 99
ORDER 100
71
0
1
2
72
3
4
5
6
73
7
8
9
10
11
74
12
13
75
14
15
16
76
17
18
19
77
20
21
22
23
78
24
25
79
26
27
80
28
29
81
30
31
32
82
33
34
35
83
36
37
84
38
39
40
85
41
42
43
86
44
45
87
46
47
88
48
49
50
51
89
52
53
54
55
56
57
90
58
59
60
91
61
62
63
92
64
65
66
67
68
93
69
70
94
95
96
97
98
99
MODES 100
0 3
1 3
2 3
3 3
4 3
5 3
6 3
7 3
8 3
9 3
10 3
11 3
12 3
13 3
14 3
15 3
16 3
17 3
18 3
19 3
20 3
21 3
22 3
23 3
24 3
25 3
26 3
27 3
28 3
29 3
30 3
31 3
32 3
33 3
34 3
35 3
36 3
37 3
38 3
39 3
40 3
41 3
42 3
43 3
44 3
45 3
46 3
47 3
48 3
49 3
50 3
51 3
52 3
53 3
54 3
55 3
56 3
57 3
58 3
59 3
60 3
61 3
62 3
63 3
64 3
65 3
66 3
67 3
68 3
69 3
70 3
71 1
72 1
73 1
74 1
75 1
76 1
77 1
78 1
79 1
80 1
81 1
82 1
83 1
84 1
85 1
86 1
87 1
88 1
89 1
90 1
91 1
92 1
93 1
94 4
95 4
96 4
97 4
98 4
99 4
