JOBS 100
0 TGAMMA 24
1 TGAMMA 60
2 TGAMMA 48
3 TGAMMA 48
4 TGAMMA 72
5 TGAMMA 12
6 TGAMMA 60
7 TGAMMA 96
8 TGAMMA 72
9 TGAMMA 36
10 TGAMMA 36
11 TGAMMA 96
12 TGAMMA 48
13 TGAMMA 48
14 TGAMMA 72
15 TGAMMA 12
16 TGAMMA 48
17 TGAMMA 60
18 TGAMMA 12
19 TGAMMA 72
20 TGAMMA 120
21 TGAMMA 84
22 TGAMMA 48
23 TGAMMA 60
24 TGAMMA 84
25 TGAMMA 24
26 TGAMMA 24
27 TGAMMA 96
28 TGAMMA 36
29 TGAMMA 72
30 TGAMMA 12
31 TGAMMA 120
32 TGAMMA 48
33 TGAMMA 84
34 TGAMMA 120
35 TGAMMA 36
36 TGAMMA 96
37 TGAMMA 24
38 TGAMMA 108
39 TGAMMA 120
40 TGAMMA 48
41 TGAMMA 48
42 TGAMMA 72
43 TGAMMA 96
44 TGAMMA 12
45 TGAMMA 24
46 TGAMMA 72
47 TGAMMA 120
48 TGAMMA 120
49 TGAMMA 36
50 TGAMMA 48
51 TGAMMA 120
52 TGAMMA 96
53 TGAMMA 108
54 TGAMMA 84
55 TGAMMA 120
56 TGAMMA 48
57 TGAMMA 72
58 TGAMMA 108
59 TGAMMA 24
60 TGAMMA 96
61 TGAMMA 96
62 TGAMMA 24
63 TGAMMA 108
64 TGAMMA 108
65 TGAMMA 96
66 TGAMMA 36
67 TGAMMA 12
68 TGAMMA 36
69 DOT 84
70 SUM 108
71 COPY 84
72 XPY 48
73 SUM 84
74 COPY 60
75 DOT 36
76 SUM 108
77 DOT 84
78 DOT 36
79 SUM 108
80 DOT 36
81 SUM 108
82 DOT 84
83 XPY 60
84 COPY 60
85 SUM 84
86 COPY 84
87 COPY 84
88 XPY 48
89 SUM 132
90 SUM 132
91 DOT 84
92 SUM 132
93 DOT 84
94 XPY 60
95 SUM 84
96 COPY 60
97 SUM 108
98 DOT 84
99 SUM 132
DEPS 98
0 1
1 2
2 3
3 4
4 5
5 6
6 7
7 8
8 9
9 10
10 11
11 12
12 13
13 14
14 15
15 16
16 17
17 18
18 19
19 20
20 21
21 22
22 23
23 24
24 25
25 26
26 27
27 28
28 29
29 30
30 31
31 32
32 33
33 34
34 35
35 36
36 37
37 38
38 39
39 40
40 41
41 42
42 43
43 44
44 45
45 46
46 47
47 48
48 49
49 50
50 51
51 52
52 53
53 54
54 55
55 56
56 57
57 58
58 59
59 60
60 61
61 62
62 63
63 64
64 65
65 66
66 67
67 68
69 70
70 71
71 72
72 73
73 74
74 75
75 76
76 77
77 78
78 79
79 80
80 81
81 82
82 83
83 84
84 85
85 86
86 87
87 88
88 89
89 90
90 91
91 92
92 93
93 94
94 95
95 96
96 97
97 98
98 99
ORDER 100
69
0
1
2
3
4
70
5
6
7
71
8
9
10
11
72
12
13
14
73
15
16
17
74
18
19
20
75
21
76
22
23
24
77
25
26
27
28
78
29
30
31
79
32
80
33
34
81
35
36
82
37
38
39
83
40
41
42
84
43
44
85
45
46
47
86
48
49
87
50
51
52
88
53
54
89
55
56
90
57
58
91
59
60
61
62
92
63
64
93
65
66
67
68
94
95
96
97
98
99
MODES 100
0 3
1 3
2 3
3 3
4 3
5 3
6 3
7 3
8 3
9 3
10 3
11 3
12 3
13 3
14 3
15 3
16 3
17 3
18 3
19 3
20 3
21 3
22 3
23 3
24 3
25 3
26 3
27 3
28 3
29 3
30 3
31 3
32 3
33 3
34 3
35 3
36 3
37 3
38 3
39 3
40 3
41 3
42 3
43 3
44 3
45 3
46 3
47 3
48 3
49 3
50 3
51 3
52 3
53 3
54 3
55 3
56 3
57 3
58 3
59 3
60 3
61 3
62 3
63 3
64 3
65 3
66 3
67 3
68 3
69 1
70 1
71 1
72 1
73 1
74 1
75 1
76 1
77 1
78 1
79 1
80 1
81 1
82 1
83 1
84 1
85 1
86 1
87 1
88 1
89 1
90 1
91 1
92 1
93 1
94 4
95 4
96 4
97 4
98 4
99 4
